lambda,f0,f1,f2
0.01,0.09386509099000918,0.5273176045389059,0.3788173044709882
0.02,0.09339259700647479,0.5263013133816299,0.3803060896118731
0.03,0.09292211020844374,0.5252520653810164,0.3818258244105457
0.04,0.09245359895855514,0.5241688754391827,0.383377525602255
0.05,0.09198703044169391,0.5230507196815386,0.3849622498767527
0.060000000000000005,0.0915223706408909,0.5218965337738574,0.3865810955852474
0.06999999999999999,0.09105958431198298,0.5207052111738061,0.38823520451426163
0.08,0.09059863495701635,0.5194756013159753,0.3899257637270017
0.09,0.09013948479649547,0.5182065077304596,0.3916540074730259
0.09999999999999999,0.08968209474037847,0.5168966860940974,0.39342121916551664
0.11,0.08922642435801041,0.5155448422156897,0.3952287334262999
0.12,0.08877243184700241,0.5141496299558487,0.39707793819718795
0.13,0.08832007400113924,0.512709649083129,0.39897027691574366
0.14,0.08786930617748935,0.5112234430693668,0.4009072507531297
0.15000000000000002,0.0874200822627875,0.5096894968272061,0.4028904209100019
0.16,0.08697235463931574,0.5081062343947262,0.4049214109659717
0.17,0.08652607415048569,0.5064720165729674,0.40700190927654906
0.18000000000000002,0.08608119006636947,0.5047851385236368,0.4091336714099951
0.19,0.08563765004945863,0.5030438273358531,0.41131852261468577
0.2,0.08519540012102791,0.5012462395730469,0.41355836030592863
0.21000000000000002,0.0847543846284853,0.49939045881294053,0.4158551565585706
0.22,0.08431454621419524,0.49747449319631604,0.4182109605894638
0.23,0.08387582578630805,0.4954962730029045,0.4206279012107822
0.24000000000000002,0.0834381624922091,0.4934536482758921,0.4231081892319179
0.25,0.0830014936953245,0.49134438652037776,0.4256541197843015
0.26,0.0825657549560794,0.4891661705047889,0.4282680745391226
0.27,0.08213088001791712,0.4869165961987132,0.43095252378338583
0.28,0.08169680079942669,0.48459317088567905,0.4337100283149055
0.29000000000000004,0.0812634473937589,0.4821933114948635,0.4365432411113762
0.3,0.08083074807660497,0.47971434320122774,0.4394549087222065
0.31,0.0803986293241941,0.4771534983502781,0.4424478723255165
0.32,0.07996701584296229,0.47450791577093226,0.44552506838608624
0.33,0.07953583061258464,0.4717746405462522,0.4486895288411659
0.34,0.0791049949443851,0.46895062432097284,0.45194438073464843
0.35000000000000003,0.07867442855721114,0.4660327262320512,0.45529284521074265
0.36000000000000004,0.07824404967305491,0.4630177145570532,0.45873823576987677
0.37,0.07781377513489444,0.45990226918393473,0.46228395568119374
0.38,0.07738352054934337,0.4566829850137776,0.46593349443689813
0.39,0.07695320045690134,0.4533563764167184,0.4696904231263851
0.4,0.07652272853262801,0.4499188828678828,0.47355838859948346
0.41000000000000003,0.07609201782020922,0.4463668758971379,0.47754110628266794
0.42000000000000004,0.07566098100237129,0.4426966674908879,0.4816423515067071
0.43,0.07522953071060359,0.4389045200872761,0.48586594920211507
0.44,0.07479757987696363,0.4349866583054551,0.4902157618175574
0.45,0.07436504213064768,0.43093928254747976,0.49469567532185643
0.46,0.07393183224156653,0.42675858460259747,0.4993095831558314
0.47000000000000003,0.07349786661281536,0.4224407653723311,0.5040613680148118
0.48000000000000004,0.07306306382328229,0.41798205481602435,0.508954881360683
0.49,0.07262734522086706,0.4133787341915426,0.51399392058762
0.5,0.07219063556589018,0.40862716063413645,0.5191822037999841
0.51,0.07175286372309303,0.40372379407567016,0.5245233422012413
0.52,0.07131396339931423,0.3986652264577713,0.530020810142908
0.53,0.07087387392244461,0.3934482131354497,0.5356779129421018
0.54,0.07043254105554553,0.3880697063016693,0.5414977526428
0.55,0.06998991783820854,0.38252689019026603,0.5474831919715661
0.56,0.06954596544529573,0.3768172177348428,0.5536368168198263
0.5700000000000001,0.0691006540512437,0.3709384482773879,0.5599608976713689
0.5800000000000001,0.0686539636861261,0.36488868583395784,0.566457350479863
0.59,0.06820588506793801,0.3586664173414846,0.5731276975905577
0.6,0.06775642039385202,0.3522705502295152,0.5799730293766256
0.61,0.06730558407204097,0.3457004485930118,0.5869939673349656
0.62,0.06685340337476181,0.33895596718701265,0.5941906294381966
0.63,0.06639991899319435,0.33203748242979325,0.601562598577098
0.64,0.06594518547486852,0.3249459195896255,0.609108894935543
0.65,0.06548927152572118,0.3176827753482059,0.6168279531260956
0.66,0.06503226016061503,0.31025013498017817,0.6247176048593253
0.67,0.06457424868891543,0.3026506834689179,0.6327750678422113
0.68,0.06411534852509419,0.29488770998967645,0.640996941485086
0.6900000000000001,0.06365568481835046,0.28696510533154046,0.649379209850076
0.7000000000000001,0.06319539589980086,0.27888735199558495,0.6579172521045222
0.7100000000000001,0.06273463255069918,0.2706595068917148,0.6666058605574798
0.72,0.06227355710001473,0.2622871767513064,0.6754392661487131
0.73,0.06181234236462574,0.2537764865719319,0.684411171063373
0.74,0.06135117044983819,0.24513404160134758,0.693514787948788
0.75,0.06089023143179293,0.23636688354253355,0.7027428850257429
0.76,0.06042972194652351,0.22748244181308447,0.712087836240381
0.77,0.05996984371259201,0.21848848081110447,0.7215416754761856
0.78,0.05951080201545779,0.20939304422313978,0.7310961537616468
0.79,0.059052804181926384,0.20020439745407492,0.7407427983641396
0.8,0.058596058072263216,0.19093096926442915,0.7504729726632089
0.81,0.058140770615771234,0.18158129366746903,0.7602779357170619
0.8200000000000001,0.057687146413217316,0.1721639530734973,0.7701489005132498
0.8300000000000001,0.0572353864264258,0.16268752357494043,0.7800770899985635
0.8400000000000001,0.05678568677174387,0.15316052314932646,0.7900537900790683
0.85,0.05633823763045537,0.14359136342795953,0.8000703989411195
0.86,0.05589322228534868,0.13398830553918664,0.8101184721749422
0.87,0.05545081628891989,0.124359420395344,0.8201897633163706
0.88,0.05501118676527858,0.11471255365752613,0.8302762595769223
0.89,0.054574491844695115,0.10505529548583364,0.8403702126697957
0.9,0.05414088022690446,0.09539495506821793,0.8504641647042674
0.91,0.05371049086721785,0.08573853982349847,0.8605509693092225
0.92,0.05328345277749722,0.07609273909025144,0.8706238081328963
0.93,0.052859884932890504,0.06646391204853073,0.8806762030182589
0.9400000000000001,0.05243989627423103,0.05685807957122022,0.8907020241556346
0.9500000000000001,0.05202358579551467,0.047280919667686,0.9006954945375669
0.9600000000000001,0.05161104270577348,0.03773776616211004,0.9106511911325339
0.97,0.051202346654694794,0.028233610239973,0.9205640431064623
0.98,0.05079756801177093,0.01877310449806432,0.930429327491165
0.99,0.050396768189271884,0.009360569143067737,0.9402426626686333
