lambda,f0,f1,f2
0.01,0.06456761451751503,0.5443248918838585,0.3911074935985134
0.02,0.0642025332727716,0.5431616423355637,0.39263582439164924
0.03,0.06383978169562175,0.5419638179037227,0.3941964004006164
0.04,0.0634793197792713,0.5407304010561796,0.395790279164538
0.05,0.0631211070014496,0.5394603340110228,0.397418558987589
0.060000000000000005,0.0627651023095858,0.5381525170531524,0.399082380637232
0.06999999999999999,0.062411264105078544,0.5368058067905703,0.40078292910432617
0.08,0.06205955022656581,0.5354190143491796,0.40252143542418756
0.09,0.061709917932415995,0.53399090350814,0.4042991785594115
0.09999999999999999,0.06136232388234224,0.5325201887752896,0.4061174873424125
0.11,0.061016724118292086,0.5310055334049522,0.4079777424767305
0.12,0.060673074044695324,0.5294455473604237,0.40988137859489987
0.13,0.06033132840805379,0.5278387852230514,0.41182988636884477
0.14,0.059991441276158915,0.5261837440536526,0.4138248146701727
0.15000000000000002,0.059653366016885555,0.5244788612094867,0.4158677727736327
0.16,0.059317055276860584,0.5227225121246086,0.41796043259851284
0.17,0.05898246096010327,0.5209130080605407,0.4201045309793351
0.18000000000000002,0.05864953420685794,0.5190485938368175,0.42230187195632246
0.19,0.058318225372874996,0.5171274455528893,0.4245543290742786
0.2,0.057988484009395304,0.5151476683145976,0.4268638476759841
0.21000000000000002,0.057660258844188496,0.5131072939814685,0.4292324471743621
0.22,0.05733349776392737,0.5110042789524674,0.4316622232836557
0.23,0.057008147798403,0.5088365020129056,0.4341553501886888
0.24000000000000002,0.05668415510698749,0.506601762266832,0.43671408262617595
0.25,0.05636146496785669,0.5042977771835004,0.43934075784863674
0.26,0.056040021770609114,0.5019221807914249,0.44203779743798916
0.27,0.055719769012898795,0.4994725220570302,0.44480770893011096
0.28,0.055400649301844275,0.4969462634907801,0.4476530872073887
0.29000000000000004,0.05508260436102183,0.4943407800286979,0.4505766156102409
0.3,0.05476557504395302,0.4916533582432985,0.45358106671277554
0.31,0.05444950135506674,0.48888119594400553,0.4566693027009316
0.32,0.05413432247928604,0.4860214022348948,0.45984427528581623
0.33,0.053819976821360485,0.4830709981029571,0.4631090250757121
0.34,0.05350640205628228,0.4800269176190391,0.46646668032462796
0.35000000000000003,0.05319353519218517,0.4768860098406638,0.4699204549671753
0.36000000000000004,0.0528813126471463,0.47364504151241066,0.4734736458404986
0.37,0.0525696703415458,0.47030070066903146,0.4771296289893609
0.38,0.052258543807575546,0.46684960125147934,0.4808918549409576
0.39,0.051947868317566925,0.4632882888525172,0.48476384282991436
0.4,0.051637579032960616,0.45961324771560985,0.4887491732514479
0.41000000000000003,0.051327611175555204,0.45582090911164413,0.4928514797128317
0.42000000000000004,0.05101790022279429,0.4519076612221662,0.4970744385550846
0.43,0.050708382128678973,0.4478698606556693,0.5014217572156587
0.44,0.050398993571795794,0.44370384572020816,0.5058971607079863
0.45,0.05008967223171472,0.4394059515674155,0.5105043762009186
0.46,0.04978035709474856,0.43497252731105024,0.5152471155941368
0.47000000000000003,0.04947098878971366,0.43039995520603236,0.5201290560042069
0.48000000000000004,0.049161509953780276,0.42568467194902426,0.5251538180971043
0.49,0.048851865628067884,0.4208231921338569,0.5303249422380542
0.5,0.048542003681818935,0.4158121338555114,0.5356458624626588
0.51,0.04823187526332013,0.4106482464138302,0.5411198783228591
0.52,0.04792143527475257,0.4053284400143593,0.5467501247109379
0.53,0.04761064286722661,0.3998498173053764,0.5525395398274406
0.54,0.047299461951164475,0.39420970652370174,0.5584908315251168
0.55,0.04698786171607228,0.3884056959504137,0.5646064423335033
0.56,0.04667581715260008,0.38243566930236605,0.5708885135449923
0.5700000000000001,0.04636330956868961,0.3762978416091438,0.5773388488221229
0.5800000000000001,0.04605032709052424,0.3699907950492107,0.5839588778601659
0.59,0.045736865138119615,0.3635135141493844,0.5907496207125527
0.6,0.045422926864618955,0.35686541968920266,0.5977116534461746
0.61,0.04510852354796513,0.3500464006042641,0.6048450758477207
0.62,0.044793674923371656,0.34305684314889123,0.6121494819277663
0.63,0.04447840944532799,0.3358976565691113,0.6196239339857639
0.64,0.04416276446846816,0.3285702945494034,0.6272669409821792
0.65,0.04384678633773996,0.32107677173729365,0.6350764419249793
0.66,0.04353053037978509,0.3134196747171809,0.6430497949030428
0.67,0.043214060789469676,0.3056021669025519,0.6511837723079639
0.68,0.042897450407761745,0.2976279869370933,0.6594745626552918
0.6900000000000001,0.04258078038978956,0.28950144034086817,0.6679177792693003
0.7000000000000001,0.04226413976476534,0.2812273843013385,0.6765084759336439
0.7100000000000001,0.04194762489229282,0.2728112056821411,0.6852411694254108
0.72,0.04163133882248449,0.2642587925015975,0.6941098686759855
0.73,0.04131539056995877,0.255576499306268,0.7031081101239517
0.74,0.04099989431413167,0.24677110702602822,0.7122289986598391
0.75,0.04068496854016361,0.23784977803891366,0.7214652534206784
0.76,0.04037073513634095,0.2288200072892648,0.7308092575743284
0.77,0.04005731846453395,0.21968957038721226,0.7402531111482772
0.78,0.03974484442065854,0.21046646966836993,0.7497886859108944
0.79,0.03943343950172316,0.20115887920778122,0.7594076812902611
0.8,0.03912322989521995,0.19177508976456858,0.7691016803410943
0.81,0.038814340605260754,0.18232345458409277,0.7788622048108452
0.8200000000000001,0.038506894628236726,0.17281233690975564,0.7886807684615746
0.8300000000000001,0.0382010121886313,0.16325005995688988,0.7985489278543033
0.8400000000000001,0.037896810043608196,0.15364485999051744,0.8084583299659615
0.85,0.03759440086267604,0.1440048430250581,0.8184007561119209
0.86,0.0372938926865229,0.13433794553808157,0.8283681617761065
0.87,0.03699538846699605,0.12465189946567878,0.8383527120676364
0.88,0.03669898568833796,0.11495420162956242,0.8483468126822801
0.89,0.036404776067970344,0.10525208763629974,0.858343136296395
0.9,0.036112845333766484,0.09555251019421172,0.8683346444723151
0.91,0.035823273073522795,0.08586212171087912,0.8783146052147685
0.92,0.03553613265143219,0.07618726096701575,0.8882766063819565
0.93,0.03525149118571852,0.0665339436100793,0.898214565205387
0.9400000000000001,0.03496940958121008,0.05690785617280601,0.9081227342457496
0.9500000000000001,0.034689942610396006,0.047314353296217006,0.9179957040966844
0.9600000000000001,0.034413139036508666,0.03775845782308677,0.9278284031385214
0.97,0.03413904177238537,0.028244863424435093,0.9376160948025039
0.98,0.03386768806899852,0.018777939425643323,0.947354372512984
0.99,0.03359910972804642,0.009361737510814505,0.9570391527558945
