lambda,f0,f1,f2
0.01,0.08882734275466082,0.37399502902229004,0.537177628223148
0.02,0.08837126324256214,0.37296474181247913,0.5386639949448914
0.03,0.08791745191394143,0.37190854476989776,0.5401740033161653
0.04,0.08746588430417,0.3708258264616158,0.5417082892342364
0.05,0.08701653532171652,0.3697159570804544,0.54326750759781
0.060000000000000005,0.08656937925009954,0.36857828789330266,0.5448523328565986
0.06999999999999999,0.08612438974966671,0.36741215068092536,0.5464634595694101
0.08,0.08568153985929217,0.3662168571704775,0.5481016029702298
0.09,0.08524080199794688,0.3649916984614567,0.5497674995406401
0.09999999999999999,0.0848021479661995,0.36373594444643476,0.551461907587371
0.11,0.08436554894775235,0.36244884322832954,0.5531856078239346
0.12,0.0839309755109459,0.36112962053533587,0.5549394039537087
0.13,0.08349839761042076,0.35977747913608443,0.5567241232535048
0.14,0.08306778458888388,0.3583915982566489,0.5585406171544364
0.15000000000000002,0.08263910517915897,0.3569711330024317,0.5603897618184193
0.16,0.08221232750647943,0.355515213787122,0.5622724587063961
0.17,0.08178741909124429,0.3540229457725632,0.5641896351361814
0.18000000000000002,0.0813643468522201,0.3524934083224828,0.5661422448252995
0.19,0.08094307711035721,0.35092565447435525,0.5681312684152795
0.2,0.08052357559333345,0.3493187104337866,0.5701577139728654
0.21000000000000002,0.08010580744093003,0.347671575096185,0.5722226174628791
0.22,0.07968973721139917,0.3459832196012396,0.5743270431873458
0.23,0.07927532888898099,0.3442525869262217,0.5764720841847958
0.24000000000000002,0.07886254589271423,0.3424785915245777,0.5786588625827257
0.25,0.0784513510867469,0.34066011901720333,0.5808885298960622
0.26,0.07804170679233362,0.3387960259442853,0.5831622672633993
0.27,0.07763357480171898,0.3368851395863104,0.5854812856119732
0.28,0.07722691639415934,0.33492625786383257,0.5878468257420086
0.29000000000000004,0.07682169235430059,0.3329181493260956,0.5902601583196163
0.3,0.07641786299319112,0.3308595532397194,0.5927225837671177
0.31,0.07601538817219756,0.32874917978936113,0.5952354320384284
0.32,0.07561422733013118,0.32658571040330653,0.5978000622665459
0.33,0.07521433951386279,0.32436779821755773,0.600417862268585
0.34,0.07481568341278937,0.3220940686933452,0.6030902478938723
0.35000000000000003,0.07441821739747777,0.3197631204035686,0.6058186621989656
0.36000000000000004,0.0740218995628303,0.31737352600458324,0.6086045744325939
0.37,0.07362668777615428,0.3149238334107715,0.6114494788130987
0.38,0.07323253973049446,0.3124125671899017,0.6143548930796292
0.39,0.07283941300362437,0.3098382301981833,0.6173223567981653
0.4,0.07244726512307362,0.30719930547436963,0.6203534294025281
0.41000000000000003,0.07205605363755474,0.30449425841260636,0.6234496879498237
0.42000000000000004,0.07166573619519384,0.3017215392343181,0.6266127245704795
0.43,0.07127627062890134,0.29887958577908086,0.6298441435919836
0.44,0.0708876150492317,0.29596682663442414,0.6331455583163478
0.45,0.07049972794502209,0.2929816846237454,0.6365185874312468
0.46,0.07011256829211153,0.28992258067098226,0.6399648510368919
0.47000000000000003,0.06972609567033358,0.28678793805891784,0.6434859662707431
0.48000000000000004,0.06934027038894457,0.28357618709641985,0.647083542514637
0.49,0.06895505362058942,0.2802857702076947,0.65075917617171
0.5,0.06857040754379047,0.2769151474535141,0.6545144450027035
0.51,0.06818629549385773,0.27346280249096067,0.6583509020151833
0.52,0.06780268212201407,0.2699272489741354,0.6622700689038374
0.53,0.06741953356237737,0.2663070373932193,0.6662734290444124
0.54,0.06703681760630796,0.26260076234377705,0.6703624200499003
0.55,0.0666545038834839,0.25880707021195826,0.6745384259045872
0.56,0.06627256404885085,0.25492466725388,0.6788027686972696
0.5700000000000001,0.06589097197447662,0.2509523280402846,0.683156699985273
0.5800000000000001,0.06550970394506364,0.24688890422857163,0.6876013918263579
0.59,0.0651287388557618,0.2427333336161612,0.6921379275280766
0.6,0.06474805841063468,0.23848464941918385,0.6967672921701711
0.61,0.06436764732000635,0.23414198971159966,0.7014903629684002
0.62,0.0639874934946649,0.22970460694982875,0.7063078995555334
0.63,0.06360758823475232,0.22517187749887935,0.7112205342663669
0.64,0.06322792641099433,0.2205433110668891,0.7162287625221736
0.65,0.0628485066357739,0.21581855994665575,0.721332933417616
0.66,0.062469331421488035,0.21099742795582183,0.7265332406227349
0.67,0.062090407323508186,0.20607987896105248,0.7318297137155362
0.68,0.06171174506508844,0.20106604486763235,0.7372222100672514
0.6900000000000001,0.061333359641595975,0.19595623295359066,0.7427104074047584
0.7000000000000001,0.06095527040148667,0.19075093242705835,0.7482937971714454
0.7100000000000001,0.06057750110166496,0.18545082008848185,0.7539716788097267
0.72,0.06020007993504553,0.1800567649840743,0.7597431550809012
0.73,0.0598230395283849,0.17456983194448777,0.7656071285270759
0.74,0.059446416908881985,0.16899128391398643,0.7715622991771466
0.75,0.05907025343831712,0.16332258298773997,0.7776071635738426
0.76,0.058694594714070354,0.15756539009165765,0.7837400151942885
0.77,0.05831949043673428,0.15172156325645417,0.7899589463067589
0.78,0.05794499424465804,0.14579315445843166,0.7962618512971783
0.79,0.057571163516180364,0.13978240502011463,0.8026464314636719
0.8,0.05719805914097969,0.1336917395871919,0.8091102012718706
0.81,0.05682574526232912,0.12752375871978186,0.81565049601797
0.8200000000000001,0.05645428899271184,0.12128123015960787,0.8222644808478042
0.8300000000000001,0.05608376010557481,0.11496707885524263,0.8289491610390571
0.8400000000000001,0.055714230706478365,0.10858437584805553,0.8357013934455967
0.85,0.05534577488717545,0.10213632613899432,0.8425178989737532
0.86,0.05497846836648948,0.0956262556720628,0.8493952759612036
0.87,0.054612388121942135,0.08905759758210603,0.8563300142963878
0.88,0.05424761201623678,0.08243387786393981,0.8633185101194827
0.89,0.053884218422728725,0.07575870062551696,0.870357080951865
0.9,0.05352228585380422,0.06903573308932019,0.8774419810564769
0.91,0.053161892596127,0.062268690505788094,0.8845694168980462
0.92,0.05280311635627567,0.055461321137073215,0.8917355625068523
0.93,0.05244603392016149,0.04861739146262326,0.8989365746168085
0.9400000000000001,0.05209072082917274,0.041740671747506335,0.9061686074238963
0.9500000000000001,0.051737251075626586,0.034834922102201266,0.9134278268225714
0.9600000000000001,0.05138569681974367,0.027903879148629906,0.9207104240312164
0.97,0.05103612812985298,0.02095124339166485,0.9280126284775689
0.98,0.050688612747166836,0.013980667379444003,0.9353307198756258
0.99,0.05034321587600896,0.0069957447193210055,0.9426610394064594
