lambda,f0,f1,f2
0.01,0.09940059941916975,0.2981837445696618,0.6024156560112708
0.02,0.0988023955155822,0.2963347596412292,0.6048628448431735
0.03,0.0982053854437051,0.2944527246365462,0.6073418899197714
0.04,0.09760956694156699,0.29253732961489376,0.6098531034434981
0.05,0.09701493840152628,0.2905882763074356,0.6123967852909986
0.060000000000000005,0.09642149894213779,0.2886052791901029,0.6149732218677775
0.06999999999999999,0.0958292484811518,0.28658806659418445,0.6175826849246485
0.08,0.09523818780940504,0.28453638185275926,0.6202254303378054
0.09,0.09464831866527632,0.2824499844805063,0.6229016968542054
0.09999999999999999,0.09405964380955016,0.2803286513846358,0.6256117048058107
0.11,0.09347216710037445,0.2781721781038364,0.6283556547957794
0.12,0.09288589356799035,0.27598038007173,0.6311337263602764
0.13,0.09230082948890264,0.27375309390090496,0.6339460766101996
0.14,0.09171698245914255,0.2714901786831437,0.6367928388577128
0.15000000000000002,0.0911343614662303,0.2691915173009024,0.6396741212328608
0.16,0.09055297695941637,0.2668570177445834,0.6425900052960033
0.17,0.08997284091777638,0.2644866144297036,0.645540544652509
0.18000000000000002,0.08939396691571455,0.2620802695075772,0.648525763576709
0.19,0.08881637018536724,0.25963797416249235,0.6515456556521464
0.2,0.08824006767545466,0.25715974988815954,0.6546001824363906
0.21000000000000002,0.08766507810604693,0.25464564973553594,0.6576892721584294
0.22,0.0870914220187354,0.2520957595238579,0.6608128184574009
0.23,0.08651912182170284,0.24951019900639404,0.6639706791719067
0.24000000000000002,0.08594820182913922,0.24688912298197485,0.6671626751888899
0.25,0.08537868829452236,0.24423272234336788,0.6703885893621122
0.26,0.0848106094372254,0.24154122505317144,0.6736481655095976
0.27,0.08424399546197439,0.23881489703798836,0.6769411075000347
0.28,0.08367887857067605,0.23605404299156307,0.6802670784377657
0.29000000000000004,0.0831152929661806,0.2332590070777377,0.6836256999560734
0.3,0.08255327484757445,0.23043017352427841,0.6870165516281728
0.31,0.08199286239661478,0.22756796709885538,0.690439170504534
0.32,0.08143409575503699,0.22467285345915652,0.6938930507858053
0.33,0.08087701699241527,0.22174533936927535,0.6973776436383009
0.34,0.0803216700644242,0.21878597277557216,0.7008923571599955
0.35000000000000003,0.07976810076134304,0.21579534273571868,0.7044365565029357
0.36000000000000004,0.07921635664675243,0.2127740791956552,0.7080095641575876
0.37,0.07866648698643929,0.20972285261014548,0.7116106604034079
0.38,0.07811854266760467,0.2066423734036977,0.7152390839287031
0.39,0.0775725761085562,0.20353339126980483,0.7188940326216458
0.4,0.07702864115915543,0.20039669430772158,0.7225746645330942
0.41000000000000003,0.07648679299237023,0.19723310799727606,0.7262800990103487
0.42000000000000004,0.07594708798735193,0.19404349401350232,0.7300094179991546
0.43,0.0754095836045878,0.19082874888443024,0.7337616675109937
0.44,0.07487433825369774,0.1875898024965124,0.7375358592497837
0.45,0.07434141115456361,0.1843276164536901,0.741330972391743
0.46,0.07381086219252236,0.1810431822973274,0.7451459555101287
0.47000000000000003,0.0732827517684425,0.17773751959559975,0.7489797286359511
0.48000000000000004,0.07275714064452204,0.17441167391198695,0.7528311854435021
0.49,0.07223408978672975,0.1710667146637551,0.7566991955495235
0.5,0.07171366020481836,0.1677037328821939,0.7605826069129757
0.51,0.07119591279087602,0.16432383888727928,0.7644802483218357
0.52,0.07068090815739332,0.1609281598901392,0.7683909319525047
0.53,0.07016870647582883,0.1575178375372805,0.772313455986905
0.54,0.06965936731665848,0.1540940254109814,0.7762466072723853
0.55,0.06915294949183962,0.15065788650037665,0.780189164007794
0.56,0.0686495109006465,0.14721059065804623,0.784139898441295
0.5700000000000001,0.06814910837974673,0.14375331205666894,0.7880975795635968
0.5800000000000001,0.06765179755836355,0.14028722666015178,0.7920609757814784
0.59,0.06715763271931949,0.1368135097232829,0.7960288575573724
0.6,0.06666666666666661,0.13333333333333314,0.7999999999999963
0.61,0.06617895060056384,0.12984786400646062,0.8039731853929745
0.62,0.06569453399998056,0.12635826035097003,0.8079472056490256
0.63,0.06521346451371872,0.12286567080857,0.8119208646777211
0.64,0.06473578786016776,0.11937123148381983,0.8158929806560061
0.65,0.06426154773614015,0.11587606407096918,0.8198623881929308
0.66,0.06379078573501692,0.11238127388619307,0.8238279403787727
0.67,0.0633235412743983,0.10888794801225102,0.8277885107133117
0.68,0.06285985153332185,0.10539715356129241,0.8317429949053945
0.6900000000000001,0.062399751399078135,0.10190993606052386,0.8356903125404127
0.7000000000000001,0.06194327342356033,0.0984273179642589,0.8396294086121803
0.7100000000000001,0.06149044778901068,0.09495029729475307,0.8435592549162763
0.72,0.06104130228297346,0.09147984641319325,0.8474788513039119
0.73,0.060595862282206245,0.08801691092119404,0.8513872267965962
0.74,0.060154150745245126,0.08456240869218778,0.8552834405625778
0.75,0.05971618821326342,0.0811172290311802,0.8591665827555197
0.76,0.059281992818854906,0.07768223196061172,0.8630357752205672
0.77,0.0588515803022966,0.07425824762921619,0.866890172068386
0.78,0.05842496403486742,0.07084607584023464,0.8707289601248515
0.79,0.058002155048721735,0.06744648569463023,0.8745513592566186
0.8,0.05758316207286374,0.06406021534460644,0.8783566225824673
0.81,0.05716799157470728,0.060687971852195426,0.8821440365729951
0.8200000000000001,0.05675664780672971,0.057330431147418356,0.8859129210458143
0.8300000000000001,0.056349132857718955,0.053988238080237706,0.8896626290620838
0.8400000000000001,0.05594544670812323,0.05066200656034584,0.8933925467315929
0.85,0.05554558728901431,0.047352319778699595,0.8971020929322513
0.86,0.05514955054419321,0.04405973050466293,0.9007907189511802
0.87,0.05475733049497427,0.04078476145260515,0.9044579080523697
0.88,0.054368919307217906,0.03752790571187539,0.9081031749808927
0.89,0.0539843073601764,0.03428962723412853,0.9117260654059064
0.9,0.053603483316760715,0.031070361372146388,0.9153261553109677
0.91,0.05322643419485548,0.02787051546445533,0.9189030503409095
0.92,0.05285314543930481,0.024690469460207903,0.9224563851003854
0.93,0.05248360099427376,0.021530576579082385,0.9259858224269436
0.9400000000000001,0.0521177833756396,0.01839116400111159,0.9294910526232063
0.9500000000000001,0.051755673743168334,0.015272533581685618,0.9329717926754875
0.9600000000000001,0.05139725197218435,0.012174962587172315,0.93642778543986
0.97,0.051042496724531754,0.009098704446925957,0.9398587988286206
0.98,0.050691385518581336,0.006043989517684967,0.943264624963523
0.99,0.050343894798130256,0.0030110258566781534,0.9466450793425942
