lambda,f0,f1,f2
0.01,0.18105022621971165,0.27131567414532,0.547634099634998
0.02,0.18027903658282057,0.2698754728001201,0.5498454906170629
0.03,0.17950460620572856,0.26840622509002776,0.5520891687042832
0.04,0.1787269296116047,0.2669074898717338,0.5543655805166605
0.05,0.1779460026662155,0.2653788292643132,0.5566751680694668
0.060000000000000005,0.17716182270130687,0.2638198095037621,0.5590183677949199
0.06999999999999999,0.1763743886439726,0.2622300018494483,0.5613956095065765
0.08,0.17558370115179914,0.260608983543041,0.5638073153051567
0.09,0.17478976275377625,0.25895633882062413,0.5662538984255995
0.09999999999999999,0.17399257799678136,0.2572716599782154,0.568735762025004
0.11,0.17319215359748008,0.255554548490745,0.5712532979117754
0.12,0.1723884985993765,0.25380461618411976,0.5738068852165032
0.13,0.17158162453470965,0.2520214864596562,0.5763968890056332
0.14,0.17077154559082064,0.2502047955697337,0.5790236588394475
0.15000000000000002,0.16995827878054356,0.24835419394306216,0.5816875272763963
0.16,0.1691418441161076,0.24646934755746655,0.5843888083264248
0.17,0.16832226478594808,0.2445499393575442,0.5871277958565029
0.18000000000000002,0.16749956733375437,0.2425956707139895,0.5899047619522608
0.19,0.16667378183898568,0.24060626292075826,0.5927199552402589
0.2,0.16584494209803352,0.23858145872566197,0.5955735991763033
0.21000000000000002,0.16501308580506904,0.23652102388922985,0.5984658903056981
0.22,0.16417825473157913,0.23442474876608227,0.6013969965023466
0.23,0.1633404949034751,0.23229244990230424,0.6043670551942213
0.24000000000000002,0.16249985677461248,0.23012397164166978,0.6073761715837152
0.25,0.16165639539541968,0.2279191877327594,0.6104244168718163
0.26,0.1608101705753316,0.22567800292844944,0.6135118264962219
0.27,0.15996124703759987,0.22340035456848442,0.6166383983939112
0.28,0.1591096945650388,0.22108621413529175,0.6198040912996685
0.29000000000000004,0.15825558813516238,0.21873558877251076,0.6230088230923202
0.3,0.15739900804320295,0.21634852275531033,0.6262524692014886
0.31,0.15654004001140412,0.2139250989009772,0.6295348610876175
0.32,0.15567877528304852,0.21146543990802547,0.6328557848089269
0.33,0.15481531069962212,0.20896970961168618,0.6362149796886959
0.34,0.15394974875960185,0.20643811414358418,0.6396121370968053
0.35000000000000003,0.1530821976573795,0.20387090298334296,0.643046899359276
0.36000000000000004,0.15221277130088648,0.2012683698899378,0.6465188588091725
0.37,0.15134158930663413,0.19863085370098413,0.6500275569923796
0.38,0.15046877697093053,0.1959587389884435,0.6535724840406251
0.39,0.14959446521622596,0.19325245655991002,0.65715307822387
0.4,0.14871879051166814,0.19051248379533256,0.6607687256929983
0.41000000000000003,0.14784189476715115,0.18773934480998464,0.6644187604228681
0.42000000000000004,0.14696392520031112,0.1849336104355143,0.6681024643641722
0.43,0.14608503417618443,0.18209589801222395,0.6718190678115896
0.44,0.14520537901942873,0.17922687098702061,0.6755677499935531
0.45,0.14432512179929288,0.17632723831306532,0.679347639887638
0.46,0.1434444290877588,0.1733977536487465,0.6831578172634984
0.47000000000000003,0.14256347169153175,0.17043921435531387,0.6869973139531538
0.48000000000000004,0.1416824243588489,0.16745246029436495,0.6908651153467945
0.49,0.14080146546229444,0.16443837242814163,0.694760162109567
0.5,0.1399207766591098,0.16139787122754506,0.6986813521133469
0.51,0.13904054253068707,0.15833191489455006,0.7026275425747602
0.52,0.13816095020319877,0.15524149740757945,0.7065975523892266
0.53,0.1372821889514983,0.15212764640009402,0.7105901646484134
0.54,0.1364044497886345,0.14899142088433526,0.7146041293270305
0.55,0.13552792504346414,0.14583390883364142,0.7186381661228988
0.56,0.1346528079289863,0.14265622463813607,0.722690967432872
0.5700000000000001,0.13377929210412876,0.13945950644978783,0.726761201446086
0.5800000000000001,0.1329075712317593,0.1362449134337911,0.7308475153344477
0.59,0.132037838535759,0.133013622944055,0.7349485385201756
0.6,0.13117028635995892,0.1297668276410916,0.7390628859989516
0.61,0.13030510573172277,0.12650573257095696,0.7431891616973086
0.62,0.12944248593289326,0.1232315522240078,0.7473259618430943
0.63,0.12858261408068777,0.11994550759206199,0.7514718783272507
0.64,0.12772567472103646,0.11664882324226668,0.7556255020366983
0.65,0.12687184943666507,0.1133427244253688,0.7597854261379499
0.66,0.12602131647206327,0.11002843423536332,0.7639502492925964
0.67,0.12517425037725585,0.10670717083653353,0.7681185787862103
0.68,0.12433082167211892,0.10338014477287884,0.7722890335550039
0.6900000000000001,0.1234911965326868,0.10004855637360971,0.776460247093691
0.7000000000000001,0.12265553650072859,0.09671359326717144,0.7806308702320846
0.7100000000000001,0.12182399821757607,0.09337642801476945,0.7847995737676217
0.72,0.12099673318297756,0.09003821587295527,0.7889650509440966
0.73,0.12017388753948224,0.08670009269328935,0.7931260197672603
0.74,0.1193556018826678,0.0833631729656457,0.7972812251516758
0.75,0.11854201109725145,0.08002854801015853,0.8014294408925826
0.76,0.11773324421894527,0.07669728432139476,0.8055694714596628
0.77,0.11692942432171922,0.07337042206692042,0.8097001536113866
0.78,0.11613066842993379,0.07004897374106152,0.8138203578289963
0.79,0.11533708745466213,0.06673392297342326,0.8179289895719292
0.8,0.11454878615335098,0.0634262234905314,0.8220249903561124
0.81,0.11376586311187543,0.06012679822792693,0.8261073386601804
0.8200000000000001,0.1129884107478986,0.056836538589040544,0.8301750506631023
0.8300000000000001,0.11221651533438132,0.053556303846346465,0.8342271808192689
0.8400000000000001,0.1114502570420174,0.05028692067955224,0.8382628222784511
0.85,0.11068970999928876,0.047029182844925264,0.8422811071558086
0.86,0.10993494236883872,0.04378385096937235,0.8462812066618031
0.87,0.10918601643880578,0.04055165246244119,0.85026233109874
0.88,0.10844298872777401,0.037333281539113826,0.854223729733156
0.89,0.10770591010199132,0.03412939934603336,0.8581646905519912
0.9,0.10697482590353884,0.0309406341836799,0.8620845399127741
0.91,0.10624977608814402,0.02776758181694642,0.8659826420949458
0.92,0.10553079537138536,0.024610805866596676,0.8698583987620406
0.93,0.1048179133820758,0.021470838274167302,0.8737112483438537
0.9400000000000001,0.1041111548216565,0.018348179833014983,0.877540665345283
0.9500000000000001,0.10341053962850641,0.015243300778408558,0.8813461595931472
0.9600000000000001,0.10271608314610929,0.012156641429788676,0.885127275424317
0.97,0.10202779629411143,0.009088612878596308,0.8888835908271817
0.98,0.10134568574134813,0.006039597715358283,0.8926147165431643
0.99,0.10066975407998426,0.0030099507900387275,0.89632029512881
