lambda,f0,f1,f2
0.01,0.05494777874474598,0.447261768745826,0.4977904525094069
0.02,0.054649616022465604,0.4469999755812171,0.49835040839624273
0.03,0.05435410111600679,0.44672819515608214,0.498917703728039
0.04,0.054061204706796644,0.446446179568615,0.4994926157245873
0.05,0.05377089766084216,0.44615366999618533,0.500075432343028
0.060000000000000005,0.05348315102958665,0.4458503961379313,0.5006664528324131
0.06999999999999999,0.05319793605054326,0.44553607562481756,0.5012659883245734
0.08,0.05291522414739565,0.4452104133919547,0.5018743624606887
0.09,0.05263498692975482,0.4448731010121565,0.5024919120581037
0.09999999999999999,0.052357196192531305,0.4445238159875126,0.5031189878199314
0.11,0.05208182391485947,0.44416222099523733,0.5037559550899032
0.12,0.05180884225862648,0.4437879630848953,0.5044031946564543
0.13,0.05153822356661552,0.44340067282346796,0.5050611036099364
0.14,0.051269940360192626,0.4429999633835836,0.5057300962562157
0.15000000000000002,0.0510039653366101,0.4425854295713641,0.5064106050919815
0.16,0.05074027136585038,0.4421566467884513,0.5071030818457215
0.17,0.0504788314870185,0.44171316992321796,0.5078079985897446
0.18000000000000002,0.05021961890432189,0.44125453216611565,0.5085258489295978
0.19,0.0499626069825203,0.4407802437418754,0.50925714927568
0.2,0.04970776924192917,0.440289790552979,0.5100024402051077
0.21000000000000002,0.04945507935290939,0.439782632726567,0.510762287920575
0.22,0.049204511129793474,0.43925820305642393,0.5115372858138069
0.23,0.0489560385242977,0.4387159053321949,0.512328056143496
0.24000000000000002,0.04870963561831819,0.4381551125453585,0.5131352518362834
0.25,0.04846527661611858,0.4375751649619301,0.5139595584219266
0.26,0.04822293583585711,0.4369753680501669,0.5148016961139933
0.27,0.04798258770041731,0.43635499025067503,0.5156624220488778
0.28,0.04774420672750791,0.43571326057516374,0.5165425326973245
0.29000000000000004,0.0475077675189379,0.4350493660179365,0.5174428664630841
0.3,0.04727324474907403,0.43436244876415253,0.5183643064867601
0.31,0.04704061315235024,0.4336516031753365,0.5193077836723219
0.32,0.046809847509811556,0.4329158725323921,0.5202742799578405
0.33,0.04658092263457691,0.4321542455129554,0.5212648318525084
0.34,0.04635381335615355,0.43136565237836433,0.522280534265467
0.35000000000000003,0.04612849450349604,0.4305489608424266,0.5233225446540808
0.36000000000000004,0.04590494088669009,0.4297029715911428,0.5243920875222092
0.37,0.04568312727716368,0.4288264134197796,0.525490459303124
0.38,0.045463028386269075,0.427917937949237,0.5266190336645067
0.39,0.04524461884209676,0.42697611388001655,0.5277792672778632
0.4,0.045027873164335826,0.42599942073691194,0.5289727060987143
0.41000000000000003,0.044812765737011484,0.4249862420529038,0.5302009922100349
0.42000000000000004,0.04459927077888068,0.4239348579343635,0.5314658712866956
0.43,0.044387362311252246,0.4228434369431986,0.5327692007455366
0.44,0.04417701412296475,0.4217100272239951,0.5341129586530329
0.45,0.043968199732246596,0.42053254679625024,0.5354992534715561
0.46,0.04376089234510367,0.41930877292145724,0.5369303347334737
0.47000000000000003,0.0435550648099005,0.4180363304453254,0.5384086047447023
0.48000000000000004,0.043350689567704534,0.4167126790023802,0.539936631429881
0.49,0.04314773859792733,0.4153350989568791,0.5415171624451891
0.5,0.04294618335878371,0.4139006759396782,0.5431531407015414
0.51,0.04274599472195958,0.41240628382203326,0.5448477214559391
0.52,0.04254714290086596,0.41084856594919916,0.5466042911499888
0.53,0.04234959737172634,0.4092239144337106,0.5484264881945925
0.54,0.042153326786743,0.40752844728577237,0.5503182259275685
0.55,0.0419582988783653,0.40575798312772515,0.5522837179938573
0.56,0.04176448035371119,0.40390801321203534,0.5543275064341209
0.5700000000000001,0.04157183677794701,0.40197367042475485,0.556454492797184
0.5800000000000001,0.041380332445393214,0.3999496949204061,0.5586699726341423
0.59,0.041189930236925756,0.39783039599043574,0.5609796737727096
0.6,0.04100059146208469,0.39560960972043824,0.563389798817531
0.61,0.04081227568415561,0.39328065194069084,0.5659070723752961
0.62,0.04062494052624478,0.39083626591707626,0.5685387935566575
0.63,0.04043854145625759,0.38826856417205086,0.5712928943715235
0.64,0.04025303154838542,0.38556896375934646,0.5741780046923757
0.65,0.04006836121856661,0.3827281142529378,0.5772035245285925
0.66,0.03988447793122135,0.3797358176472709,0.5803797044217542
0.67,0.039701325874262616,0.37658093930093844,0.5837177348246144
0.68,0.03951884559944898,0.3732513090100882,0.5872298453903586
0.6900000000000001,0.03933697362488418,0.36973361125534476,0.590929415120113
0.7000000000000001,0.039155641996744324,0.36601326366378395,0.5948310943393934
0.7100000000000001,0.03897477780746182,0.3620742827566986,0.5989509394357823
0.72,0.03879430266801083,0.35789913614408636,0.6033065611879205
0.73,0.03861413213301279,0.3534685805160838,0.6079172873507569
0.74,0.038434175078562505,0.3487614850816023,0.6128043398399688
0.75,0.03825433303476688,0.34375464058456884,0.6179910263805658
0.76,0.03807449947802522,0.3384225547439272,0.6235029457777579
0.77,0.03789455909210258,0.3327372359828591,0.6293682049246466
0.78,0.037714387012900974,0.3266679687507265,0.635617644236467
0.79,0.03753384807943143,0.3201810856926625,0.642285066228199
0.8,0.037352796123672954,0.31323974452987996,0.6494074593465508
0.81,0.03717107334490384,0.3058037208977468,0.6570252057573552
0.8200000000000001,0.036988509830333936,0.29782923267514594,0.665182257494469
0.8300000000000001,0.036804923303408475,0.2892688165838599,0.6739262601124104
0.8400000000000001,0.036620119203697066,0.28007128399576764,0.6833085968005649
0.85,0.03643389122674078,0.2701817897199473,0.693384319053995
0.86,0.03624602247635836,0.2595420545091519,0.704211923015298
0.87,0.036056287401612576,0.24809078813815189,0.7158529244604785
0.88,0.035864454699986184,0.235764363627704,0.728371181672895
0.89,0.035670291358958044,0.2224977923472964,0.7418319162936906
0.9,0.03547356797014306,0.20822604163047853,0.7563003904007657
0.91,0.035274065372925434,0.19288571829608409,0.7718402163311006
0.92,0.03507158256104229,0.17641711081527384,0.7885113066217985
0.93,0.034865945614839175,0.15876653920828793,0.8063675151746238
0.9400000000000001,0.03465701721665265,0.1398889076926376,0.8254540750895039
0.9500000000000001,0.03444470609459063,0.11975029743883112,0.8458049964596444
0.9600000000000001,0.03422897556535094,0.09833038675949252,0.8674406376737862
0.97,0.03400985026228086,0.07562445762258999,0.8903656921304416
0.98,0.033787420187987575,0.051644753563466365,0.914567826246802
0.99,0.0335618414427808,0.026421001943128502,0.9400171565828392
