lambda,f0,f1,f2
0.01,0.17181076062696443,0.48205700915655775,0.34613223021648987
0.02,0.171207112987389,0.481329297967574,0.34746358904500896
0.03,0.17060283131977808,0.4805746427545447,0.3488225259256808
0.04,0.16999789492252496,0.47979216584611134,0.35020993923135846
0.05,0.1693922811792291,0.47898095473408353,0.35162676408669313
0.060000000000000005,0.1687859654774851,0.47814006046730434,0.35307397405519964
0.06999999999999999,0.16817892112470692,0.47726849597094756,0.3545525829043354
0.08,0.16757111926078558,0.476365234288288,0.356063646450933
0.09,0.16696252876759857,0.4754292067427157,0.3576082644896796
0.09999999999999999,0.16635311617532247,0.4744593010176712,0.3591875828070079
0.11,0.16574284556545216,0.47345435915216766,0.36080279528238357
0.12,0.1651316784706057,0.4724131754503132,0.3624551460790831
0.13,0.1645195737710679,0.47133449430309765,0.36414593192583733
0.14,0.16390648758813803,0.4702170079213818,0.3658765044904822
0.15000000000000002,0.1632923731743617,0.4690593539794683,0.36764827284617585
0.16,0.16267718080075402,0.46786011316919895,0.369462706030043
0.17,0.16206085764120262,0.46661780666538555,0.3713213356934141
0.18000000000000002,0.16144334765423657,0.4653308935040602,0.3732257588417032
0.19,0.16082459146250008,0.46399776787640185,0.37517764066110537
0.2,0.16020452623024722,0.4626167563420969,0.37717871742765513
0.21000000000000002,0.15958308553935818,0.4611861149677116,0.37923079949292815
0.22,0.158960199264393,0.4597040263970651,0.38133577433854626
0.23,0.15833579344738516,0.4581685968628624,0.38349560968974733
0.24000000000000002,0.15770979017318715,0.4565778531510889,0.3857123566757271
0.25,0.15708210744629764,0.4549297395322321,0.3879881530214687
0.26,0.15645265907036007,0.45322211467682555,0.3903252262528137
0.27,0.15582135453162038,0.4514527485759829,0.39272589689239606
0.28,0.1551880988879374,0.449619319491964,0.39519258162009996
0.29000000000000004,0.15455279266513833,0.4477194109682189,0.39772779636664335
0.3,0.15391533176281952,0.4457505089336646,0.400334159303519
0.31,0.15327560737198562,0.4437099989417278,0.4030143936862859
0.32,0.15263350590728428,0.4415951635913073,0.4057713305014022
0.33,0.15198890895695102,0.4394031801839994,0.408607910859043
0.34,0.15134169325400654,0.43713111868003335,0.41152718806596145
0.35000000000000003,0.15069173067269034,0.4347759400241573,0.41453232930315814
0.36000000000000004,0.1500388882545982,0.4323344949223368,0.4176266168230715
0.37,0.1493830282694887,0.429803523160435,0.42081344857007846
0.38,0.14872400831626953,0.42717965356714127,0.4240963381165871
0.39,0.14806168147021415,0.4244594047350182,0.42747891379476355
0.4,0.14739589648302037,0.42163918662563304,0.4309649168913452
0.41000000000000003,0.14672649804286433,0.41871530319701905,0.43455819876011553
0.42000000000000004,0.14605332710212798,0.4156839562039475,0.4382627166939166
0.43,0.14537622128094527,0.4125412503332348,0.4420825283858241
0.44,0.14469501535509538,0.40928319984706835,0.4460217847978428
0.45,0.1440095418370806,0.4059057369167297,0.4500847212461942
0.46,0.14331963165930786,0.4024047218358314,0.4542756465048503
0.47000000000000003,0.14262511496825828,0.3987759553061672,0.458598929725579
0.48000000000000004,0.14192582203815987,0.3950151929887111,0.46305898497312936
0.49,0.14122158431209159,0.391118162506899,0.4676602531810175
0.5,0.14051223557735465,0.3870805830767438,0.4724071813459022
0.51,0.13979761328056686,0.3828981879186617,0.4773041988007833
0.52,0.1390775599859103,0.3785667495763129,0.4823556904377892
0.53,0.1383519249775047,0.3740821082283661,0.4875659667941312
0.54,0.13762056600371558,0.36944020302757596,0.4929392309687066
0.55,0.1368833511574833,0.3646371064379878,0.4984795424045288
0.56,0.13614016088238526,0.35966906146449434,0.5041907776531154
0.5700000000000001,0.13539089008917127,0.3545325215796467,0.5100765883311927
0.5800000000000001,0.13463545036201963,0.3492241930514328,0.516140356586546
0.59,0.13387377222791566,0.343741079264701,0.5223851485073603
0.6,0.13310580745643327,0.3380805265102853,0.5288136660333042
0.61,0.1323315313511652,0.33224027059430467,0.5354281980545275
0.62,0.1315509449883607,0.32621848350048455,0.5422305715111624
0.63,0.1307640773531731,0.3200138192258917,0.54922210342094
0.64,0.1299709873200227,0.31362545781418194,0.5564035548657907
0.65,0.12917176542090805,0.30705314653538013,0.5637750880436845
0.66,0.128366535344769,0.30029723711680184,0.5713362275384388
0.67,0.12755545511232047,0.293358717921633,0.5790858269660469
0.68,0.12673871787452945,0.2862392400064576,0.5870220421189958
0.6900000000000001,0.12591655228904677,0.2789411360694253,0.5951423116415276
0.7000000000000001,0.12508922243760484,0.2714674314291717,0.6034433461332153
0.7100000000000001,0.12425702725829865,0.2638218463483638,0.6119211263932912
0.72,0.12342029947946807,0.25600878923016357,0.6205709112903701
0.73,0.12257940405608729,0.24803334046293893,0.6293872554809591
0.74,0.12173473612449291,0.23990122695730506,0.6383640369181947
0.75,0.12088671850607215,0.2316187876962784,0.6474944937976236
0.76,0.12003579880462595,0.2231929308909943,0.6567712703043307
0.77,0.11918244615452933,0.21463108358545607,0.6661864702599903
0.78,0.11832714768704566,0.20594113477195253,0.6757317175410067
0.79,0.11747040478961199,0.1971313732526168,0.6853982219577365
0.8,0.11661272923728333,0.188210421604216,0.6951768491584497
0.81,0.11575463927668866,0.17918716766830467,0.705058193055012
0.8200000000000001,0.11489665574091022,0.17007069499678232,0.7150326492622979
0.8300000000000001,0.11403929826889131,0.1608702136364731,0.7250904880945702
0.8400000000000001,0.11318308169574375,0.15159499254172695,0.7352219257625471
0.85,0.11232851267123463,0.14225429476983426,0.7454171925587431
0.86,0.11147608655337173,0.1328573164501572,0.7556665969964481
0.87,0.11062628461288665,0.12341313033456873,0.7659605850527264
0.88,0.10977957157335311,0.11393063454542528,0.7762897938811502
0.89,0.10893639350085887,0.10441850694614267,0.7866450995529124
0.9,0.10809717604722496,0.09488516537761764,0.7970176585751575
0.91,0.10726232304200359,0.08533873383740218,0.807398943120796
0.92,0.10643221542094054,0.07578701453184877,0.8177807700471916
0.93,0.10560721047255538,0.06623746560783922,0.8281553239196745
0.9400000000000001,0.10478764137981413,0.05669718427082498,0.8385151743491167
0.9500000000000001,0.10397381703064411,0.04717289491996457,0.8488532880493603
0.9600000000000001,0.1031660220689617,0.03767094187739206,0.859163036053447
0.97,0.10236451715702576,0.028197286255518622,0.8694381965877532
0.98,0.10156953941989734,0.01875750649072485,0.8796729540903054
0.99,0.10078130304361008,0.009356802071411933,0.8898618948842659
