iter,f0,f1,f2
      0,    0.0000000000,    0.5000000000,    0.5000000000
      1,    0.1216900000,    0.4288100000,    0.4495000000
      2,    0.2180100000,    0.3726100000,    0.4093800000
      3,    0.2955500000,    0.3280700000,    0.3763800000
      4,    0.3581500000,    0.2909400000,    0.3509100000
      5,    0.4110800000,    0.2603900000,    0.3285300000
      6,    0.4561100000,    0.2334200000,    0.3104700000
      7,    0.4945000000,    0.2111700000,    0.2943300000
      8,    0.5280100000,    0.1916400000,    0.2803500000
      9,    0.5596600000,    0.1740500000,    0.2662900000
     10,    0.5854600000,    0.1593500000,    0.2551900000
     11,    0.6088000000,    0.1461100000,    0.2450900000
     12,    0.6308600000,    0.1334900000,    0.2356500000
     13,    0.6500200000,    0.1230300000,    0.2269500000
     14,    0.6670800000,    0.1133000000,    0.2196200000
     15,    0.6825600000,    0.1049200000,    0.2125200000
     16,    0.6972200000,    0.0975000000,    0.2052800000
     17,    0.7100300000,    0.0913300000,    0.1986400000
     18,    0.7214700000,    0.0848000000,    0.1937300000
     19,    0.7306400000,    0.0798600000,    0.1895000000
     20,    0.7415600000,    0.0738000000,    0.1846400000
     21,    0.7513000000,    0.0687600000,    0.1799400000
     22,    0.7587300000,    0.0649200000,    0.1763500000
     23,    0.7668600000,    0.0605000000,    0.1726400000
     24,    0.7743500000,    0.0567100000,    0.1689400000
     25,    0.7821700000,    0.0527800000,    0.1650500000
     26,    0.7884400000,    0.0491700000,    0.1623900000
     27,    0.7955600000,    0.0459100000,    0.1585300000
     28,    0.8009200000,    0.0430500000,    0.1560300000
     29,    0.8054300000,    0.0407800000,    0.1537900000
     30,    0.8105000000,    0.0381300000,    0.1513700000
     31,    0.8160600000,    0.0360400000,    0.1479000000
     32,    0.8204500000,    0.0341500000,    0.1454000000
     33,    0.8248500000,    0.0319700000,    0.1431800000
     34,    0.8292000000,    0.0300400000,    0.1407600000
     35,    0.8322700000,    0.0287000000,    0.1390300000
     36,    0.8348700000,    0.0273500000,    0.1377800000
     37,    0.8381700000,    0.0256600000,    0.1361700000
     38,    0.8416700000,    0.0238100000,    0.1345200000
     39,    0.8452800000,    0.0226500000,    0.1320700000
     40,    0.8483400000,    0.0212800000,    0.1303800000
     41,    0.8515900000,    0.0200300000,    0.1283800000
     42,    0.8542400000,    0.0186200000,    0.1271400000
     43,    0.8563200000,    0.0175800000,    0.1261000000
     44,    0.8580100000,    0.0165200000,    0.1254700000
     45,    0.8605200000,    0.0154600000,    0.1240200000
     46,    0.8624400000,    0.0144300000,    0.1231300000
     47,    0.8643300000,    0.0137400000,    0.1219300000
     48,    0.8673100000,    0.0123900000,    0.1203000000
     49,    0.8695700000,    0.0118400000,    0.1185900000
     50,    0.8717400000,    0.0108500000,    0.1174100000
     51,    0.8735000000,    0.0102900000,    0.1162100000
     52,    0.8754300000,    0.0098700000,    0.1147000000
     53,    0.8769700000,    0.0093900000,    0.1136400000
     54,    0.8788100000,    0.0090200000,    0.1121700000
     55,    0.8801800000,    0.0085500000,    0.1112700000
     56,    0.8809500000,    0.0081300000,    0.1109200000
     57,    0.8824900000,    0.0076400000,    0.1098700000
     58,    0.8844000000,    0.0072100000,    0.1083900000
     59,    0.8867500000,    0.0067100000,    0.1065400000
     60,    0.8883000000,    0.0062700000,    0.1054300000
     61,    0.8890600000,    0.0059900000,    0.1049500000
     62,    0.8899000000,    0.0058000000,    0.1043000000
     63,    0.8908500000,    0.0055400000,    0.1036100000
     64,    0.8916800000,    0.0053500000,    0.1029700000
     65,    0.8928900000,    0.0052100000,    0.1019000000
     66,    0.8936900000,    0.0048700000,    0.1014400000
     67,    0.8954700000,    0.0044900000,    0.1000400000
     68,    0.8959400000,    0.0041600000,    0.0999000000
     69,    0.8969900000,    0.0037300000,    0.0992800000
     70,    0.8979900000,    0.0035300000,    0.0984800000
     71,    0.8985400000,    0.0033100000,    0.0981500000
     72,    0.8994800000,    0.0031100000,    0.0974100000
     73,    0.9002300000,    0.0028600000,    0.0969100000
     74,    0.9005400000,    0.0028400000,    0.0966200000
     75,    0.9009000000,    0.0027700000,    0.0963300000
     76,    0.9017700000,    0.0028100000,    0.0954200000
     77,    0.9024300000,    0.0027900000,    0.0947800000
     78,    0.9037800000,    0.0025900000,    0.0936300000
     79,    0.9047700000,    0.0024200000,    0.0928100000
     80,    0.9051300000,    0.0023200000,    0.0925500000
     81,    0.9064900000,    0.0022100000,    0.0913000000
     82,    0.9069100000,    0.0021400000,    0.0909500000
     83,    0.9074800000,    0.0021000000,    0.0904200000
     84,    0.9077200000,    0.0020900000,    0.0901900000
     85,    0.9079600000,    0.0019800000,    0.0900600000
     86,    0.9087100000,    0.0019200000,    0.0893700000
     87,    0.9091700000,    0.0019200000,    0.0889100000
     88,    0.9098200000,    0.0018500000,    0.0883300000
     89,    0.9105200000,    0.0016600000,    0.0878200000
     90,    0.9114600000,    0.0015400000,    0.0870000000
     91,    0.9117200000,    0.0014500000,    0.0868300000
     92,    0.9117500000,    0.0014200000,    0.0868300000
     93,    0.9124000000,    0.0014200000,    0.0861800000
     94,    0.9130200000,    0.0013600000,    0.0856200000
     95,    0.9136900000,    0.0012900000,    0.0850200000
     96,    0.9140400000,    0.0011700000,    0.0847900000
     97,    0.9148500000,    0.0011100000,    0.0840400000
     98,    0.9152900000,    0.0009300000,    0.0837800000
     99,    0.9149700000,    0.0009100000,    0.0841200000
    100,    0.9162400000,    0.0008300000,    0.0829300000
    101,    0.9166600000,    0.0007900000,    0.0825500000
    102,    0.9172600000,    0.0007600000,    0.0819800000
    103,    0.9183600000,    0.0007000000,    0.0809400000
    104,    0.9187600000,    0.0006700000,    0.0805700000
    105,    0.9201600000,    0.0006200000,    0.0792200000
    106,    0.9207800000,    0.0005600000,    0.0786600000
    107,    0.9213000000,    0.0004800000,    0.0782200000
    108,    0.9223900000,    0.0004600000,    0.0771500000
    109,    0.9222900000,    0.0004100000,    0.0773000000
    110,    0.9220200000,    0.0004300000,    0.0775500000
    111,    0.9227700000,    0.0004000000,    0.0768300000
    112,    0.9231900000,    0.0003600000,    0.0764500000
    113,    0.9237700000,    0.0003500000,    0.0758800000
    114,    0.9229200000,    0.0003000000,    0.0767800000
    115,    0.9231400000,    0.0002800000,    0.0765800000
    116,    0.9229000000,    0.0002700000,    0.0768300000
    117,    0.9233500000,    0.0002500000,    0.0764000000
    118,    0.9232300000,    0.0002200000,    0.0765500000
    119,    0.9231000000,    0.0001900000,    0.0767100000
    120,    0.9234400000,    0.0001900000,    0.0763700000
    121,    0.9228800000,    0.0001900000,    0.0769300000
    122,    0.9226900000,    0.0001500000,    0.0771600000
    123,    0.9231600000,    0.0001400000,    0.0767000000
    124,    0.9232800000,    0.0001400000,    0.0765800000
    125,    0.9239000000,    0.0001100000,    0.0759900000
    126,    0.9248500000,    0.0001100000,    0.0750400000
    127,    0.9251200000,    0.0000900000,    0.0747900000
    128,    0.9255000000,    0.0001000000,    0.0744000000
    129,    0.9261700000,    0.0000800000,    0.0737500000
    130,    0.9260600000,    0.0000700000,    0.0738700000
    131,    0.9269400000,    0.0000600000,    0.0730000000
    132,    0.9269200000,    0.0000500000,    0.0730300000
    133,    0.9271900000,    0.0000500000,    0.0727600000
    134,    0.9275700000,    0.0000500000,    0.0723800000
    135,    0.9283200000,    0.0000500000,    0.0716300000
    136,    0.9285800000,    0.0000400000,    0.0713800000
    137,    0.9285300000,    0.0000400000,    0.0714300000
    138,    0.9291300000,    0.0000300000,    0.0708400000
    139,    0.9298200000,    0.0000400000,    0.0701400000
    140,    0.9298400000,    0.0000400000,    0.0701200000
    141,    0.9298500000,    0.0000400000,    0.0701100000
    142,    0.9299300000,    0.0000400000,    0.0700300000
    143,    0.9307300000,    0.0000500000,    0.0692200000
    144,    0.9306700000,    0.0000400000,    0.0692900000
    145,    0.9313400000,    0.0000400000,    0.0686200000
    146,    0.9313400000,    0.0000400000,    0.0686200000
    147,    0.9318100000,    0.0000500000,    0.0681400000
    148,    0.9323500000,    0.0000400000,    0.0676100000
    149,    0.9330900000,    0.0000300000,    0.0668800000
    150,    0.9329300000,    0.0000300000,    0.0670400000
    151,    0.9335800000,    0.0000100000,    0.0664100000
    152,    0.9334600000,    0.0000100000,    0.0665300000
    153,    0.9340500000,    0.0000100000,    0.0659400000
    154,    0.9350200000,    0.0000000000,    0.0649800000
    155,    0.9346500000,    0.0000000000,    0.0653500000
    156,    0.9347700000,    0.0000000000,    0.0652300000
    157,    0.9358500000,    0.0000000000,    0.0641500000
    158,    0.9362400000,    0.0000000000,    0.0637600000
    159,    0.9368800000,    0.0000000000,    0.0631200000
    160,    0.9374200000,    0.0000000000,    0.0625800000
    161,    0.9378200000,    0.0000000000,    0.0621800000
    162,    0.9379200000,    0.0000000000,    0.0620800000
    163,    0.9376600000,    0.0000000000,    0.0623400000
    164,    0.9376800000,    0.0000000000,    0.0623200000
    165,    0.9381500000,    0.0000000000,    0.0618500000
    166,    0.9382600000,    0.0000000000,    0.0617400000
    167,    0.9384700000,    0.0000000000,    0.0615300000
    168,    0.9385200000,    0.0000000000,    0.0614800000
    169,    0.9380700000,    0.0000000000,    0.0619300000
    170,    0.9380300000,    0.0000000000,    0.0619700000
    171,    0.9377000000,    0.0000000000,    0.0623000000
    172,    0.9374700000,    0.0000000000,    0.0625300000
    173,    0.9374900000,    0.0000000000,    0.0625100000
    174,    0.9373400000,    0.0000000000,    0.0626600000
    175,    0.9369900000,    0.0000000000,    0.0630100000
    176,    0.9363400000,    0.0000000000,    0.0636600000
    177,    0.9367900000,    0.0000000000,    0.0632100000
    178,    0.9370600000,    0.0000000000,    0.0629400000
    179,    0.9370600000,    0.0000000000,    0.0629400000
    180,    0.9368500000,    0.0000000000,    0.0631500000
    181,    0.9377500000,    0.0000000000,    0.0622500000
    182,    0.9384300000,    0.0000000000,    0.0615700000
    183,    0.9383600000,    0.0000000000,    0.0616400000
    184,    0.9385200000,    0.0000000000,    0.0614800000
    185,    0.9389700000,    0.0000000000,    0.0610300000
    186,    0.9389300000,    0.0000000000,    0.0610700000
    187,    0.9395400000,    0.0000000000,    0.0604600000
    188,    0.9395200000,    0.0000000000,    0.0604800000
    189,    0.9398300000,    0.0000000000,    0.0601700000
    190,    0.9401700000,    0.0000000000,    0.0598300000
    191,    0.9401700000,    0.0000000000,    0.0598300000
    192,    0.9408200000,    0.0000000000,    0.0591800000
    193,    0.9409700000,    0.0000000000,    0.0590300000
    194,    0.9410800000,    0.0000000000,    0.0589200000
    195,    0.9414700000,    0.0000000000,    0.0585300000
    196,    0.9419500000,    0.0000000000,    0.0580500000
    197,    0.9425400000,    0.0000000000,    0.0574600000
    198,    0.9429500000,    0.0000000000,    0.0570500000
    199,    0.9429900000,    0.0000000000,    0.0570100000
    200,    0.9427300000,    0.0000000000,    0.0572700000
    201,    0.9426900000,    0.0000000000,    0.0573100000
    202,    0.9429900000,    0.0000000000,    0.0570100000
    203,    0.9432500000,    0.0000000000,    0.0567500000
    204,    0.9433300000,    0.0000000000,    0.0566700000
    205,    0.9434500000,    0.0000000000,    0.0565500000
    206,    0.9436700000,    0.0000000000,    0.0563300000
    207,    0.9439200000,    0.0000000000,    0.0560800000
    208,    0.9439200000,    0.0000000000,    0.0560800000
    209,    0.9439100000,    0.0000000000,    0.0560900000
    210,    0.9442900000,    0.0000000000,    0.0557100000
    211,    0.9441500000,    0.0000000000,    0.0558500000
    212,    0.9442300000,    0.0000000000,    0.0557700000
    213,    0.9445300000,    0.0000000000,    0.0554700000
    214,    0.9450600000,    0.0000000000,    0.0549400000
    215,    0.9449000000,    0.0000000000,    0.0551000000
    216,    0.9453000000,    0.0000000000,    0.0547000000
    217,    0.9462600000,    0.0000000000,    0.0537400000
    218,    0.9465500000,    0.0000000000,    0.0534500000
    219,    0.9470900000,    0.0000000000,    0.0529100000
    220,    0.9478100000,    0.0000000000,    0.0521900000
    221,    0.9480400000,    0.0000000000,    0.0519600000
    222,    0.9487100000,    0.0000000000,    0.0512900000
    223,    0.9488100000,    0.0000000000,    0.0511900000
    224,    0.9483400000,    0.0000000000,    0.0516600000
    225,    0.9479500000,    0.0000000000,    0.0520500000
    226,    0.9480700000,    0.0000000000,    0.0519300000
    227,    0.9477700000,    0.0000000000,    0.0522300000
    228,    0.9482000000,    0.0000000000,    0.0518000000
    229,    0.9481500000,    0.0000000000,    0.0518500000
    230,    0.9483400000,    0.0000000000,    0.0516600000
    231,    0.9481600000,    0.0000000000,    0.0518400000
    232,    0.9484800000,    0.0000000000,    0.0515200000
    233,    0.9485900000,    0.0000000000,    0.0514100000
    234,    0.9487200000,    0.0000000000,    0.0512800000
    235,    0.9486400000,    0.0000000000,    0.0513600000
    236,    0.9488200000,    0.0000000000,    0.0511800000
    237,    0.9489800000,    0.0000000000,    0.0510200000
    238,    0.9489000000,    0.0000000000,    0.0511000000
    239,    0.9488000000,    0.0000000000,    0.0512000000
    240,    0.9490600000,    0.0000000000,    0.0509400000
    241,    0.9489400000,    0.0000000000,    0.0510600000
    242,    0.9489400000,    0.0000000000,    0.0510600000
    243,    0.9486600000,    0.0000000000,    0.0513400000
    244,    0.9488100000,    0.0000000000,    0.0511900000
    245,    0.9484300000,    0.0000000000,    0.0515700000
    246,    0.9489300000,    0.0000000000,    0.0510700000
    247,    0.9493100000,    0.0000000000,    0.0506900000
    248,    0.9490400000,    0.0000000000,    0.0509600000
    249,    0.9490200000,    0.0000000000,    0.0509800000
    250,    0.9498400000,    0.0000000000,    0.0501600000
    251,    0.9500500000,    0.0000000000,    0.0499500000
    252,    0.9498400000,    0.0000000000,    0.0501600000
    253,    0.9492400000,    0.0000000000,    0.0507600000
    254,    0.9486500000,    0.0000000000,    0.0513500000
    255,    0.9489100000,    0.0000000000,    0.0510900000
    256,    0.9489400000,    0.0000000000,    0.0510600000
    257,    0.9491500000,    0.0000000000,    0.0508500000
    258,    0.9494300000,    0.0000000000,    0.0505700000
    259,    0.9497000000,    0.0000000000,    0.0503000000
    260,    0.9497000000,    0.0000000000,    0.0503000000
    261,    0.9500500000,    0.0000000000,    0.0499500000
    262,    0.9506600000,    0.0000000000,    0.0493400000
    263,    0.9506400000,    0.0000000000,    0.0493600000
    264,    0.9509200000,    0.0000000000,    0.0490800000
    265,    0.9514100000,    0.0000000000,    0.0485900000
    266,    0.9513600000,    0.0000000000,    0.0486400000
    267,    0.9514500000,    0.0000000000,    0.0485500000
    268,    0.9516100000,    0.0000000000,    0.0483900000
    269,    0.9514800000,    0.0000000000,    0.0485200000
    270,    0.9515000000,    0.0000000000,    0.0485000000
    271,    0.9514300000,    0.0000000000,    0.0485700000
    272,    0.9521200000,    0.0000000000,    0.0478800000
    273,    0.9523200000,    0.0000000000,    0.0476800000
    274,    0.9525700000,    0.0000000000,    0.0474300000
    275,    0.9530300000,    0.0000000000,    0.0469700000
    276,    0.9532600000,    0.0000000000,    0.0467400000
    277,    0.9535100000,    0.0000000000,    0.0464900000
    278,    0.9536000000,    0.0000000000,    0.0464000000
    279,    0.9539900000,    0.0000000000,    0.0460100000
    280,    0.9540400000,    0.0000000000,    0.0459600000
    281,    0.9541300000,    0.0000000000,    0.0458700000
    282,    0.9543500000,    0.0000000000,    0.0456500000
    283,    0.9547700000,    0.0000000000,    0.0452300000
    284,    0.9550100000,    0.0000000000,    0.0449900000
    285,    0.9553800000,    0.0000000000,    0.0446200000
    286,    0.9554400000,    0.0000000000,    0.0445600000
    287,    0.9550600000,    0.0000000000,    0.0449400000
    288,    0.9553800000,    0.0000000000,    0.0446200000
    289,    0.9558800000,    0.0000000000,    0.0441200000
    290,    0.9560600000,    0.0000000000,    0.0439400000
    291,    0.9559600000,    0.0000000000,    0.0440400000
    292,    0.9561800000,    0.0000000000,    0.0438200000
    293,    0.9562000000,    0.0000000000,    0.0438000000
    294,    0.9561400000,    0.0000000000,    0.0438600000
    295,    0.9563700000,    0.0000000000,    0.0436300000
    296,    0.9566100000,    0.0000000000,    0.0433900000
    297,    0.9569300000,    0.0000000000,    0.0430700000
    298,    0.9571200000,    0.0000000000,    0.0428800000
    299,    0.9571300000,    0.0000000000,    0.0428700000
    300,    0.9577600000,    0.0000000000,    0.0422400000
    301,    0.9584700000,    0.0000000000,    0.0415300000
    302,    0.9587500000,    0.0000000000,    0.0412500000
    303,    0.9588400000,    0.0000000000,    0.0411600000
    304,    0.9587500000,    0.0000000000,    0.0412500000
    305,    0.9585200000,    0.0000000000,    0.0414800000
    306,    0.9582100000,    0.0000000000,    0.0417900000
    307,    0.9582200000,    0.0000000000,    0.0417800000
    308,    0.9582000000,    0.0000000000,    0.0418000000
    309,    0.9580300000,    0.0000000000,    0.0419700000
    310,    0.9582300000,    0.0000000000,    0.0417700000
    311,    0.9585800000,    0.0000000000,    0.0414200000
    312,    0.9587000000,    0.0000000000,    0.0413000000
    313,    0.9588700000,    0.0000000000,    0.0411300000
    314,    0.9590100000,    0.0000000000,    0.0409900000
    315,    0.9586200000,    0.0000000000,    0.0413800000
    316,    0.9587500000,    0.0000000000,    0.0412500000
    317,    0.9590200000,    0.0000000000,    0.0409800000
    318,    0.9590200000,    0.0000000000,    0.0409800000
    319,    0.9589900000,    0.0000000000,    0.0410100000
    320,    0.9586700000,    0.0000000000,    0.0413300000
    321,    0.9584100000,    0.0000000000,    0.0415900000
    322,    0.9580200000,    0.0000000000,    0.0419800000
    323,    0.9585800000,    0.0000000000,    0.0414200000
    324,    0.9589200000,    0.0000000000,    0.0410800000
    325,    0.9591300000,    0.0000000000,    0.0408700000
    326,    0.9591500000,    0.0000000000,    0.0408500000
    327,    0.9592200000,    0.0000000000,    0.0407800000
    328,    0.9593400000,    0.0000000000,    0.0406600000
    329,    0.9589300000,    0.0000000000,    0.0410700000
    330,    0.9587300000,    0.0000000000,    0.0412700000
    331,    0.9591200000,    0.0000000000,    0.0408800000
    332,    0.9591800000,    0.0000000000,    0.0408200000
    333,    0.9590300000,    0.0000000000,    0.0409700000
    334,    0.9593300000,    0.0000000000,    0.0406700000
    335,    0.9592700000,    0.0000000000,    0.0407300000
    336,    0.9593000000,    0.0000000000,    0.0407000000
    337,    0.9589800000,    0.0000000000,    0.0410200000
    338,    0.9588200000,    0.0000000000,    0.0411800000
    339,    0.9588000000,    0.0000000000,    0.0412000000
    340,    0.9585900000,    0.0000000000,    0.0414100000
    341,    0.9584800000,    0.0000000000,    0.0415200000
    342,    0.9586800000,    0.0000000000,    0.0413200000
    343,    0.9592700000,    0.0000000000,    0.0407300000
    344,    0.9595300000,    0.0000000000,    0.0404700000
    345,    0.9598500000,    0.0000000000,    0.0401500000
    346,    0.9600200000,    0.0000000000,    0.0399800000
    347,    0.9599300000,    0.0000000000,    0.0400700000
    348,    0.9603000000,    0.0000000000,    0.0397000000
    349,    0.9602400000,    0.0000000000,    0.0397600000
    350,    0.9598600000,    0.0000000000,    0.0401400000
    351,    0.9604200000,    0.0000000000,    0.0395800000
    352,    0.9604900000,    0.0000000000,    0.0395100000
    353,    0.9600600000,    0.0000000000,    0.0399400000
    354,    0.9594200000,    0.0000000000,    0.0405800000
    355,    0.9597600000,    0.0000000000,    0.0402400000
    356,    0.9598000000,    0.0000000000,    0.0402000000
    357,    0.9597100000,    0.0000000000,    0.0402900000
    358,    0.9595100000,    0.0000000000,    0.0404900000
    359,    0.9590400000,    0.0000000000,    0.0409600000
    360,    0.9585200000,    0.0000000000,    0.0414800000
    361,    0.9585300000,    0.0000000000,    0.0414700000
    362,    0.9585400000,    0.0000000000,    0.0414600000
    363,    0.9582600000,    0.0000000000,    0.0417400000
    364,    0.9583000000,    0.0000000000,    0.0417000000
    365,    0.9582900000,    0.0000000000,    0.0417100000
    366,    0.9587100000,    0.0000000000,    0.0412900000
    367,    0.9589100000,    0.0000000000,    0.0410900000
    368,    0.9588800000,    0.0000000000,    0.0411200000
    369,    0.9591700000,    0.0000000000,    0.0408300000
    370,    0.9590400000,    0.0000000000,    0.0409600000
    371,    0.9589600000,    0.0000000000,    0.0410400000
    372,    0.9591900000,    0.0000000000,    0.0408100000
    373,    0.9594900000,    0.0000000000,    0.0405100000
    374,    0.9597500000,    0.0000000000,    0.0402500000
    375,    0.9600000000,    0.0000000000,    0.0400000000
    376,    0.9600200000,    0.0000000000,    0.0399800000
    377,    0.9604100000,    0.0000000000,    0.0395900000
    378,    0.9605800000,    0.0000000000,    0.0394200000
    379,    0.9603900000,    0.0000000000,    0.0396100000
    380,    0.9604600000,    0.0000000000,    0.0395400000
    381,    0.9605200000,    0.0000000000,    0.0394800000
    382,    0.9607000000,    0.0000000000,    0.0393000000
    383,    0.9611800000,    0.0000000000,    0.0388200000
    384,    0.9610000000,    0.0000000000,    0.0390000000
    385,    0.9608400000,    0.0000000000,    0.0391600000
    386,    0.9611200000,    0.0000000000,    0.0388800000
    387,    0.9608700000,    0.0000000000,    0.0391300000
    388,    0.9610100000,    0.0000000000,    0.0389900000
    389,    0.9610900000,    0.0000000000,    0.0389100000
    390,    0.9615500000,    0.0000000000,    0.0384500000
    391,    0.9616600000,    0.0000000000,    0.0383400000
    392,    0.9618600000,    0.0000000000,    0.0381400000
    393,    0.9622600000,    0.0000000000,    0.0377400000
    394,    0.9620000000,    0.0000000000,    0.0380000000
    395,    0.9619000000,    0.0000000000,    0.0381000000
    396,    0.9621300000,    0.0000000000,    0.0378700000
    397,    0.9620400000,    0.0000000000,    0.0379600000
    398,    0.9619800000,    0.0000000000,    0.0380200000
    399,    0.9623000000,    0.0000000000,    0.0377000000
    400,    0.9625300000,    0.0000000000,    0.0374700000
    401,    0.9628400000,    0.0000000000,    0.0371600000
    402,    0.9627900000,    0.0000000000,    0.0372100000
    403,    0.9626200000,    0.0000000000,    0.0373800000
    404,    0.9625000000,    0.0000000000,    0.0375000000
    405,    0.9625900000,    0.0000000000,    0.0374100000
    406,    0.9632700000,    0.0000000000,    0.0367300000
    407,    0.9634100000,    0.0000000000,    0.0365900000
    408,    0.9634400000,    0.0000000000,    0.0365600000
    409,    0.9633500000,    0.0000000000,    0.0366500000
    410,    0.9632800000,    0.0000000000,    0.0367200000
    411,    0.9634600000,    0.0000000000,    0.0365400000
    412,    0.9640300000,    0.0000000000,    0.0359700000
    413,    0.9644300000,    0.0000000000,    0.0355700000
    414,    0.9649300000,    0.0000000000,    0.0350700000
    415,    0.9649900000,    0.0000000000,    0.0350100000
    416,    0.9649700000,    0.0000000000,    0.0350300000
    417,    0.9650400000,    0.0000000000,    0.0349600000
    418,    0.9646900000,    0.0000000000,    0.0353100000
    419,    0.9644500000,    0.0000000000,    0.0355500000
    420,    0.9644700000,    0.0000000000,    0.0355300000
    421,    0.9645600000,    0.0000000000,    0.0354400000
    422,    0.9643800000,    0.0000000000,    0.0356200000
    423,    0.9642400000,    0.0000000000,    0.0357600000
    424,    0.9640400000,    0.0000000000,    0.0359600000
    425,    0.9641100000,    0.0000000000,    0.0358900000
    426,    0.9643400000,    0.0000000000,    0.0356600000
    427,    0.9644700000,    0.0000000000,    0.0355300000
    428,    0.9645300000,    0.0000000000,    0.0354700000
    429,    0.9649800000,    0.0000000000,    0.0350200000
    430,    0.9651300000,    0.0000000000,    0.0348700000
    431,    0.9650100000,    0.0000000000,    0.0349900000
    432,    0.9648500000,    0.0000000000,    0.0351500000
    433,    0.9646300000,    0.0000000000,    0.0353700000
    434,    0.9649800000,    0.0000000000,    0.0350200000
    435,    0.9643700000,    0.0000000000,    0.0356300000
    436,    0.9642100000,    0.0000000000,    0.0357900000
    437,    0.9646400000,    0.0000000000,    0.0353600000
    438,    0.9646300000,    0.0000000000,    0.0353700000
    439,    0.9649400000,    0.0000000000,    0.0350600000
    440,    0.9648800000,    0.0000000000,    0.0351200000
    441,    0.9646200000,    0.0000000000,    0.0353800000
    442,    0.9643900000,    0.0000000000,    0.0356100000
    443,    0.9648300000,    0.0000000000,    0.0351700000
    444,    0.9647600000,    0.0000000000,    0.0352400000
    445,    0.9647300000,    0.0000000000,    0.0352700000
    446,    0.9648100000,    0.0000000000,    0.0351900000
    447,    0.9646600000,    0.0000000000,    0.0353400000
    448,    0.9646700000,    0.0000000000,    0.0353300000
    449,    0.9646800000,    0.0000000000,    0.0353200000
    450,    0.9650800000,    0.0000000000,    0.0349200000
    451,    0.9652000000,    0.0000000000,    0.0348000000
    452,    0.9649300000,    0.0000000000,    0.0350700000
    453,    0.9649300000,    0.0000000000,    0.0350700000
    454,    0.9649100000,    0.0000000000,    0.0350900000
    455,    0.9652900000,    0.0000000000,    0.0347100000
    456,    0.9653600000,    0.0000000000,    0.0346400000
    457,    0.9652800000,    0.0000000000,    0.0347200000
    458,    0.9650500000,    0.0000000000,    0.0349500000
    459,    0.9657000000,    0.0000000000,    0.0343000000
    460,    0.9658700000,    0.0000000000,    0.0341300000
    461,    0.9656900000,    0.0000000000,    0.0343100000
    462,    0.9659100000,    0.0000000000,    0.0340900000
    463,    0.9658700000,    0.0000000000,    0.0341300000
    464,    0.9658500000,    0.0000000000,    0.0341500000
    465,    0.9659100000,    0.0000000000,    0.0340900000
    466,    0.9662700000,    0.0000000000,    0.0337300000
    467,    0.9666800000,    0.0000000000,    0.0333200000
    468,    0.9666700000,    0.0000000000,    0.0333300000
    469,    0.9668700000,    0.0000000000,    0.0331300000
    470,    0.9668600000,    0.0000000000,    0.0331400000
    471,    0.9669900000,    0.0000000000,    0.0330100000
    472,    0.9670800000,    0.0000000000,    0.0329200000
    473,    0.9673300000,    0.0000000000,    0.0326700000
    474,    0.9673000000,    0.0000000000,    0.0327000000
    475,    0.9670600000,    0.0000000000,    0.0329400000
    476,    0.9670500000,    0.0000000000,    0.0329500000
    477,    0.9670900000,    0.0000000000,    0.0329100000
    478,    0.9669400000,    0.0000000000,    0.0330600000
    479,    0.9667400000,    0.0000000000,    0.0332600000
    480,    0.9662300000,    0.0000000000,    0.0337700000
    481,    0.9661300000,    0.0000000000,    0.0338700000
    482,    0.9660700000,    0.0000000000,    0.0339300000
    483,    0.9660900000,    0.0000000000,    0.0339100000
    484,    0.9654400000,    0.0000000000,    0.0345600000
    485,    0.9660000000,    0.0000000000,    0.0340000000
    486,    0.9657700000,    0.0000000000,    0.0342300000
    487,    0.9656300000,    0.0000000000,    0.0343700000
    488,    0.9655600000,    0.0000000000,    0.0344400000
    489,    0.9652100000,    0.0000000000,    0.0347900000
    490,    0.9649700000,    0.0000000000,    0.0350300000
    491,    0.9650200000,    0.0000000000,    0.0349800000
    492,    0.9647400000,    0.0000000000,    0.0352600000
    493,    0.9647200000,    0.0000000000,    0.0352800000
    494,    0.9650200000,    0.0000000000,    0.0349800000
    495,    0.9646000000,    0.0000000000,    0.0354000000
    496,    0.9644000000,    0.0000000000,    0.0356000000
    497,    0.9645600000,    0.0000000000,    0.0354400000
    498,    0.9645200000,    0.0000000000,    0.0354800000
    499,    0.9639800000,    0.0000000000,    0.0360200000
    500,    0.9638700000,    0.0000000000,    0.0361300000
    501,    0.9636500000,    0.0000000000,    0.0363500000
    502,    0.9637900000,    0.0000000000,    0.0362100000
    503,    0.9636700000,    0.0000000000,    0.0363300000
    504,    0.9636000000,    0.0000000000,    0.0364000000
    505,    0.9637000000,    0.0000000000,    0.0363000000
    506,    0.9636500000,    0.0000000000,    0.0363500000
    507,    0.9637000000,    0.0000000000,    0.0363000000
    508,    0.9636600000,    0.0000000000,    0.0363400000
    509,    0.9637700000,    0.0000000000,    0.0362300000
    510,    0.9636600000,    0.0000000000,    0.0363400000
    511,    0.9638500000,    0.0000000000,    0.0361500000
    512,    0.9642000000,    0.0000000000,    0.0358000000
    513,    0.9638000000,    0.0000000000,    0.0362000000
    514,    0.9640200000,    0.0000000000,    0.0359800000
    515,    0.9639200000,    0.0000000000,    0.0360800000
    516,    0.9640800000,    0.0000000000,    0.0359200000
    517,    0.9639700000,    0.0000000000,    0.0360300000
    518,    0.9640000000,    0.0000000000,    0.0360000000
    519,    0.9635700000,    0.0000000000,    0.0364300000
    520,    0.9638800000,    0.0000000000,    0.0361200000
    521,    0.9636200000,    0.0000000000,    0.0363800000
    522,    0.9637700000,    0.0000000000,    0.0362300000
    523,    0.9637300000,    0.0000000000,    0.0362700000
    524,    0.9637500000,    0.0000000000,    0.0362500000
    525,    0.9639200000,    0.0000000000,    0.0360800000
    526,    0.9638300000,    0.0000000000,    0.0361700000
    527,    0.9637900000,    0.0000000000,    0.0362100000
    528,    0.9638300000,    0.0000000000,    0.0361700000
    529,    0.9638300000,    0.0000000000,    0.0361700000
    530,    0.9637600000,    0.0000000000,    0.0362400000
    531,    0.9636700000,    0.0000000000,    0.0363300000
    532,    0.9635300000,    0.0000000000,    0.0364700000
    533,    0.9632200000,    0.0000000000,    0.0367800000
    534,    0.9627800000,    0.0000000000,    0.0372200000
    535,    0.9626900000,    0.0000000000,    0.0373100000
    536,    0.9628800000,    0.0000000000,    0.0371200000
    537,    0.9631500000,    0.0000000000,    0.0368500000
    538,    0.9628700000,    0.0000000000,    0.0371300000
    539,    0.9631200000,    0.0000000000,    0.0368800000
    540,    0.9633800000,    0.0000000000,    0.0366200000
    541,    0.9635300000,    0.0000000000,    0.0364700000
    542,    0.9638700000,    0.0000000000,    0.0361300000
    543,    0.9641500000,    0.0000000000,    0.0358500000
    544,    0.9642900000,    0.0000000000,    0.0357100000
    545,    0.9642600000,    0.0000000000,    0.0357400000
    546,    0.9646200000,    0.0000000000,    0.0353800000
    547,    0.9647200000,    0.0000000000,    0.0352800000
    548,    0.9646800000,    0.0000000000,    0.0353200000
    549,    0.9645900000,    0.0000000000,    0.0354100000
    550,    0.9649700000,    0.0000000000,    0.0350300000
    551,    0.9652300000,    0.0000000000,    0.0347700000
    552,    0.9653500000,    0.0000000000,    0.0346500000
    553,    0.9654700000,    0.0000000000,    0.0345300000
    554,    0.9652700000,    0.0000000000,    0.0347300000
    555,    0.9654000000,    0.0000000000,    0.0346000000
    556,    0.9650100000,    0.0000000000,    0.0349900000
    557,    0.9651300000,    0.0000000000,    0.0348700000
    558,    0.9647400000,    0.0000000000,    0.0352600000
    559,    0.9650300000,    0.0000000000,    0.0349700000
    560,    0.9651300000,    0.0000000000,    0.0348700000
    561,    0.9657300000,    0.0000000000,    0.0342700000
    562,    0.9653000000,    0.0000000000,    0.0347000000
    563,    0.9651600000,    0.0000000000,    0.0348400000
    564,    0.9654600000,    0.0000000000,    0.0345400000
    565,    0.9656400000,    0.0000000000,    0.0343600000
    566,    0.9655300000,    0.0000000000,    0.0344700000
    567,    0.9657500000,    0.0000000000,    0.0342500000
    568,    0.9660900000,    0.0000000000,    0.0339100000
    569,    0.9660700000,    0.0000000000,    0.0339300000
    570,    0.9664900000,    0.0000000000,    0.0335100000
    571,    0.9665800000,    0.0000000000,    0.0334200000
    572,    0.9662600000,    0.0000000000,    0.0337400000
    573,    0.9661600000,    0.0000000000,    0.0338400000
    574,    0.9662800000,    0.0000000000,    0.0337200000
    575,    0.9662600000,    0.0000000000,    0.0337400000
    576,    0.9661100000,    0.0000000000,    0.0338900000
    577,    0.9658000000,    0.0000000000,    0.0342000000
    578,    0.9661200000,    0.0000000000,    0.0338800000
    579,    0.9663800000,    0.0000000000,    0.0336200000
    580,    0.9665100000,    0.0000000000,    0.0334900000
    581,    0.9667500000,    0.0000000000,    0.0332500000
    582,    0.9668000000,    0.0000000000,    0.0332000000
    583,    0.9667700000,    0.0000000000,    0.0332300000
    584,    0.9667100000,    0.0000000000,    0.0332900000
    585,    0.9661400000,    0.0000000000,    0.0338600000
    586,    0.9662300000,    0.0000000000,    0.0337700000
    587,    0.9656800000,    0.0000000000,    0.0343200000
    588,    0.9656100000,    0.0000000000,    0.0343900000
    589,    0.9650800000,    0.0000000000,    0.0349200000
    590,    0.9650700000,    0.0000000000,    0.0349300000
    591,    0.9652500000,    0.0000000000,    0.0347500000
    592,    0.9653800000,    0.0000000000,    0.0346200000
    593,    0.9654000000,    0.0000000000,    0.0346000000
    594,    0.9650700000,    0.0000000000,    0.0349300000
    595,    0.9653900000,    0.0000000000,    0.0346100000
    596,    0.9654500000,    0.0000000000,    0.0345500000
    597,    0.9656500000,    0.0000000000,    0.0343500000
    598,    0.9656800000,    0.0000000000,    0.0343200000
    599,    0.9654900000,    0.0000000000,    0.0345100000
    600,    0.9652400000,    0.0000000000,    0.0347600000
    601,    0.9655700000,    0.0000000000,    0.0344300000
    602,    0.9657700000,    0.0000000000,    0.0342300000
    603,    0.9654800000,    0.0000000000,    0.0345200000
    604,    0.9655500000,    0.0000000000,    0.0344500000
    605,    0.9656100000,    0.0000000000,    0.0343900000
    606,    0.9657700000,    0.0000000000,    0.0342300000
    607,    0.9659200000,    0.0000000000,    0.0340800000
    608,    0.9657600000,    0.0000000000,    0.0342400000
    609,    0.9660800000,    0.0000000000,    0.0339200000
    610,    0.9666200000,    0.0000000000,    0.0333800000
    611,    0.9668500000,    0.0000000000,    0.0331500000
    612,    0.9667400000,    0.0000000000,    0.0332600000
    613,    0.9668700000,    0.0000000000,    0.0331300000
    614,    0.9673600000,    0.0000000000,    0.0326400000
    615,    0.9674600000,    0.0000000000,    0.0325400000
    616,    0.9671500000,    0.0000000000,    0.0328500000
    617,    0.9672300000,    0.0000000000,    0.0327700000
    618,    0.9672200000,    0.0000000000,    0.0327800000
    619,    0.9672300000,    0.0000000000,    0.0327700000
    620,    0.9673900000,    0.0000000000,    0.0326100000
    621,    0.9670500000,    0.0000000000,    0.0329500000
    622,    0.9670800000,    0.0000000000,    0.0329200000
    623,    0.9671500000,    0.0000000000,    0.0328500000
    624,    0.9671400000,    0.0000000000,    0.0328600000
    625,    0.9670200000,    0.0000000000,    0.0329800000
    626,    0.9672100000,    0.0000000000,    0.0327900000
    627,    0.9673800000,    0.0000000000,    0.0326200000
    628,    0.9674000000,    0.0000000000,    0.0326000000
    629,    0.9668800000,    0.0000000000,    0.0331200000
    630,    0.9665000000,    0.0000000000,    0.0335000000
    631,    0.9663000000,    0.0000000000,    0.0337000000
    632,    0.9661800000,    0.0000000000,    0.0338200000
    633,    0.9660800000,    0.0000000000,    0.0339200000
    634,    0.9663600000,    0.0000000000,    0.0336400000
    635,    0.9662200000,    0.0000000000,    0.0337800000
    636,    0.9662300000,    0.0000000000,    0.0337700000
    637,    0.9656800000,    0.0000000000,    0.0343200000
    638,    0.9654800000,    0.0000000000,    0.0345200000
    639,    0.9656400000,    0.0000000000,    0.0343600000
    640,    0.9659700000,    0.0000000000,    0.0340300000
    641,    0.9658800000,    0.0000000000,    0.0341200000
    642,    0.9662600000,    0.0000000000,    0.0337400000
    643,    0.9665700000,    0.0000000000,    0.0334300000
    644,    0.9664100000,    0.0000000000,    0.0335900000
    645,    0.9665500000,    0.0000000000,    0.0334500000
    646,    0.9664800000,    0.0000000000,    0.0335200000
    647,    0.9668900000,    0.0000000000,    0.0331100000
    648,    0.9666100000,    0.0000000000,    0.0333900000
    649,    0.9663100000,    0.0000000000,    0.0336900000
    650,    0.9661800000,    0.0000000000,    0.0338200000
    651,    0.9659400000,    0.0000000000,    0.0340600000
    652,    0.9660000000,    0.0000000000,    0.0340000000
    653,    0.9660500000,    0.0000000000,    0.0339500000
    654,    0.9663300000,    0.0000000000,    0.0336700000
    655,    0.9661400000,    0.0000000000,    0.0338600000
    656,    0.9664800000,    0.0000000000,    0.0335200000
    657,    0.9661500000,    0.0000000000,    0.0338500000
    658,    0.9665300000,    0.0000000000,    0.0334700000
    659,    0.9664500000,    0.0000000000,    0.0335500000
    660,    0.9665000000,    0.0000000000,    0.0335000000
    661,    0.9665400000,    0.0000000000,    0.0334600000
    662,    0.9668100000,    0.0000000000,    0.0331900000
    663,    0.9661700000,    0.0000000000,    0.0338300000
    664,    0.9659500000,    0.0000000000,    0.0340500000
    665,    0.9656600000,    0.0000000000,    0.0343400000
    666,    0.9657200000,    0.0000000000,    0.0342800000
    667,    0.9655400000,    0.0000000000,    0.0344600000
    668,    0.9655100000,    0.0000000000,    0.0344900000
    669,    0.9657500000,    0.0000000000,    0.0342500000
    670,    0.9659700000,    0.0000000000,    0.0340300000
    671,    0.9659800000,    0.0000000000,    0.0340200000
    672,    0.9658700000,    0.0000000000,    0.0341300000
    673,    0.9661700000,    0.0000000000,    0.0338300000
    674,    0.9663000000,    0.0000000000,    0.0337000000
    675,    0.9665800000,    0.0000000000,    0.0334200000
    676,    0.9664200000,    0.0000000000,    0.0335800000
