time,f0,f1,f2
0.0,1.0,0.0,0.0
0.0003024516912631991,0.999,0.0,0.001
0.010076901165364515,0.998,0.0,0.002
0.01283277889737962,0.997,0.0,0.003
0.013089827348154306,0.996,0.001,0.003
0.025032984138004845,0.995,0.002,0.003
0.03355522276190244,0.994,0.002,0.004
0.037229488862042234,0.993,0.003,0.004
0.04506442329550253,0.992,0.004,0.004
0.06372840088212413,0.991,0.005,0.004
0.06446279095826067,0.99,0.005,0.005
0.07717134381499398,0.989,0.006,0.005
0.07875471855225132,0.988,0.007,0.005
0.08329150758142778,0.987,0.008,0.005
0.088678905118916,0.986,0.009,0.005
0.08890725521173595,0.985,0.009,0.006
0.10702851209298389,0.984,0.01,0.006
0.11517408143711437,0.983,0.01,0.007
0.1314776795748833,0.982,0.011,0.007
0.14823535739909183,0.981,0.011,0.008
0.15388932309848158,0.98,0.012,0.008
0.18292683229192583,0.979,0.012,0.009
0.1920623095309771,0.978,0.012,0.01
0.20924549508657078,0.977,0.012,0.011
0.20978008665646025,0.976,0.012,0.012
0.21860625777037024,0.975,0.012,0.013
0.21880538903035088,0.974,0.013,0.013
0.23198489107856432,0.973,0.013,0.014
0.23245962889191635,0.972,0.014,0.014
0.2360281580852012,0.971,0.015,0.014
0.24139368232177444,0.97,0.015,0.015
0.24153144212588704,0.969,0.016,0.015
0.25489674179837024,0.968,0.017,0.015
0.2567536417631102,0.967,0.017,0.016
0.26479493121398917,0.968,0.016,0.016
0.2650834624927873,0.967,0.016,0.017
0.2726515982975903,0.966,0.016,0.018
0.29755431125516074,0.965,0.017,0.018
0.3032980560270751,0.964,0.017,0.019
0.30487726661539943,0.963,0.018,0.019
0.30607724322500324,0.962,0.019,0.019
0.30653845040608013,0.961,0.019,0.02
0.3096194049945664,0.96,0.019,0.021
0.3117517679044787,0.959,0.02,0.021
0.3126248991793272,0.958,0.021,0.021
0.31301276946180123,0.957,0.022,0.021
0.31857367745956033,0.956,0.022,0.022
0.330587385157455,0.955,0.022,0.023
0.3311389002978516,0.956,0.021,0.023
0.33310892105377254,0.955,0.021,0.024
0.33736152408171266,0.954,0.021,0.025
0.3383317501327303,0.953,0.022,0.025
0.3504101676549327,0.952,0.022,0.026
0.3618004674422431,0.951,0.022,0.027
0.37378464494005653,0.95,0.022,0.028
0.37693982765138695,0.949,0.023,0.028
0.3916608312556331,0.948,0.023,0.029
0.3919541917897909,0.947,0.024,0.029
0.3992871493241581,0.946,0.024,0.03
0.41517163761841197,0.945,0.024,0.031
0.4162368898402974,0.944,0.024,0.032
0.4293416893093942,0.943,0.024,0.033
0.4315176759354718,0.942,0.025,0.033
0.4403411532235823,0.941,0.025,0.034
0.456738339440727,0.94,0.025,0.035
0.4601538699116548,0.939,0.026,0.035
0.4659205000349182,0.938,0.027,0.035
0.47140652924384996,0.937,0.027,0.036
0.4837340692118523,0.936,0.027,0.037
0.4944988328364013,0.935,0.028,0.037
0.5020802394113443,0.934,0.028,0.038
0.5068116801111495,0.933,0.029,0.038
0.5147535522726451,0.932,0.03,0.038
0.5206621580473577,0.931,0.03,0.039
0.5246963837016678,0.93,0.03,0.04
0.5319383164548735,0.929,0.03,0.041
0.5325866686632702,0.928,0.031,0.041
0.5429900584097339,0.927,0.031,0.042
0.5458354983319991,0.926,0.031,0.043
0.5536690195972174,0.925,0.032,0.043
0.5613457690643064,0.924,0.033,0.043
0.5633688281961915,0.923,0.034,0.043
0.5668657433039213,0.922,0.034,0.044
0.5754476415287534,0.921,0.034,0.045
0.5758573409780806,0.92,0.034,0.046
0.583986163406022,0.919,0.035,0.046
0.5908737779520362,0.918,0.035,0.047
0.5922646464529471,0.917,0.035,0.048
0.5924152334571567,0.916,0.036,0.048
0.5958922297457961,0.915,0.036,0.049
0.5971782134803877,0.914,0.036,0.05
0.5975929815655036,0.913,0.037,0.05
0.6112374785765498,0.912,0.038,0.05
0.6119225762838905,0.911,0.039,0.05
0.615008321098507,0.91,0.04,0.05
0.6227531744778741,0.909,0.041,0.05
0.6265870607143401,0.908,0.042,0.05
0.6289154602380541,0.907,0.042,0.051
0.6313585717529149,0.906,0.042,0.052
0.6421251673933381,0.905,0.043,0.052
0.6528391168835067,0.904,0.044,0.052
0.6530915069477015,0.903,0.044,0.053
0.6533644144858644,0.902,0.045,0.053
0.6557483608605696,0.901,0.045,0.054
0.6573180403798188,0.9,0.045,0.055
0.6662339966918704,0.899,0.046,0.055
0.6714731079284991,0.898,0.047,0.055
0.6762049530781991,0.897,0.047,0.056
0.6883834591203314,0.896,0.047,0.057
0.6992175210116621,0.895,0.048,0.057
0.7111062314876859,0.894,0.049,0.057
0.714628322705882,0.893,0.049,0.058
0.7423698365950724,0.892,0.05,0.058
0.7439195272571999,0.891,0.05,0.059
0.7491037246808604,0.89,0.05,0.06
0.7517235303235263,0.889,0.051,0.06
0.7527515996654092,0.888,0.052,0.06
0.7561381106793088,0.887,0.052,0.061
0.76835587913291,0.886,0.053,0.061
0.7701732821260094,0.885,0.053,0.062
0.7714652539094556,0.884,0.053,0.063
0.7733733440489874,0.883,0.053,0.064
0.7804121681837384,0.882,0.053,0.065
0.784956165207905,0.883,0.052,0.065
0.788000938422345,0.882,0.053,0.065
0.8064388331745228,0.881,0.054,0.065
0.8214416129961457,0.88,0.055,0.065
0.8215446095014282,0.879,0.056,0.065
0.8216932196824672,0.878,0.056,0.066
0.8278376865311476,0.877,0.056,0.067
0.8295425808726014,0.876,0.056,0.068
0.8302060327766101,0.877,0.055,0.068
0.8478742496779117,0.876,0.056,0.068
0.8496314785869387,0.875,0.056,0.069
0.8506503782636157,0.874,0.056,0.07
0.857081540947651,0.873,0.057,0.07
0.8574194806300505,0.872,0.057,0.071
0.8596283188282114,0.871,0.058,0.071
0.8700595799168304,0.87,0.058,0.072
0.8742574729598127,0.871,0.058,0.071
0.8791665960695518,0.87,0.059,0.071
0.8837649600256682,0.869,0.06,0.071
0.8868685602811492,0.868,0.06,0.072
0.9078646553121208,0.869,0.06,0.071
0.9102603053000555,0.87,0.06,0.07
0.9125044833775526,0.869,0.061,0.07
0.9244888460511274,0.868,0.062,0.07
0.9279935551829938,0.867,0.062,0.071
0.9328097374883589,0.866,0.062,0.072
0.9359273756174962,0.865,0.062,0.073
0.9549213823937389,0.864,0.063,0.073
0.9682621084047882,0.863,0.063,0.074
0.9806919586941352,0.862,0.063,0.075
0.981081245053117,0.861,0.063,0.076
0.9878069188986212,0.86,0.064,0.076
1.008876994005199,0.859,0.065,0.076
1.0133798627599162,0.858,0.065,0.077
1.0387368436086197,0.857,0.065,0.078
1.0566493932329475,0.856,0.065,0.079
1.0569979160895673,0.855,0.066,0.079
1.0767012256683834,0.854,0.066,0.08
1.0826287065230678,0.853,0.066,0.081
1.0848024285226328,0.852,0.066,0.082
1.0853936202011325,0.851,0.067,0.082
1.0943513686826507,0.85,0.067,0.083
1.0949694515804023,0.849,0.068,0.083
1.0980999899647907,0.848,0.069,0.083
1.101345608756832,0.847,0.069,0.084
1.112119508160736,0.846,0.069,0.085
1.1156644476038835,0.845,0.07,0.085
1.1224742947707451,0.844,0.07,0.086
1.128978858817301,0.843,0.07,0.087
1.1297380155054186,0.842,0.071,0.087
1.1352203241355838,0.841,0.072,0.087
1.1369170701719673,0.84,0.072,0.088
1.1374850731178698,0.839,0.072,0.089
1.139749409613776,0.838,0.072,0.09
1.1407170010717376,0.839,0.071,0.09
1.1578725531895953,0.838,0.072,0.09
1.1750267621563093,0.837,0.073,0.09
1.1812915273102584,0.836,0.074,0.09
1.1906895244186193,0.835,0.074,0.091
1.1910771395326794,0.834,0.074,0.092
1.1974353037880412,0.833,0.075,0.092
1.1975256976269995,0.832,0.075,0.093
1.199163269122358,0.831,0.076,0.093
1.2039078115801793,0.83,0.077,0.093
1.2120518726374223,0.829,0.077,0.094
1.2193943495419697,0.828,0.078,0.094
1.2200410236131425,0.829,0.078,0.093
1.2231298574106242,0.828,0.078,0.094
1.2254257094711365,0.827,0.078,0.095
1.2280182608385117,0.828,0.077,0.095
1.2314640963227406,0.827,0.077,0.096
1.2316526909381045,0.826,0.077,0.097
1.2395170254269525,0.825,0.077,0.098
1.2413014272660043,0.824,0.077,0.099
1.2521894601124013,0.823,0.078,0.099
1.2530522949011935,0.822,0.078,0.1
1.2541676169344202,0.821,0.078,0.101
1.2579336965868504,0.82,0.078,0.102
1.2590587085690224,0.821,0.078,0.101
1.259646988373315,0.82,0.079,0.101
1.2596690106416486,0.819,0.079,0.102
1.2618652111629929,0.818,0.079,0.103
1.265078089087496,0.817,0.08,0.103
1.269341384564532,0.816,0.081,0.103
1.270411511646578,0.815,0.082,0.103
1.2707645941684222,0.814,0.083,0.103
1.2714824811498193,0.813,0.083,0.104
1.2723155391515737,0.812,0.083,0.105
1.2740167348659113,0.811,0.084,0.105
1.2772599688497006,0.81,0.085,0.105
1.2880011275677656,0.809,0.086,0.105
1.2894731040867922,0.808,0.086,0.106
1.295696798602094,0.807,0.087,0.106
1.3009477135711889,0.806,0.087,0.107
1.3095036345647995,0.805,0.088,0.107
1.3114750385466107,0.804,0.088,0.108
1.3162362309750968,0.803,0.088,0.109
1.3167537081628642,0.802,0.089,0.109
1.318723050920347,0.803,0.088,0.109
1.3219054648269684,0.804,0.087,0.109
1.3248397851893017,0.803,0.088,0.109
1.3264750928332327,0.802,0.088,0.11
1.331188019791987,0.801,0.088,0.111
1.3313984557959497,0.802,0.088,0.11
1.3390100671989387,0.801,0.089,0.11
1.3574742877525676,0.8,0.089,0.111
1.3578121919811024,0.799,0.09,0.111
1.3594997743250654,0.8,0.09,0.11
1.3648326099799735,0.799,0.091,0.11
1.3859654809699653,0.798,0.091,0.111
1.3886089459628108,0.797,0.092,0.111
1.389823031681375,0.796,0.092,0.112
1.4074193339707413,0.797,0.091,0.112
1.4079153005107539,0.796,0.091,0.113
1.4313627950316714,0.795,0.092,0.113
1.4413130385829955,0.796,0.091,0.113
1.4423790732774773,0.795,0.091,0.114
1.4597553548620998,0.794,0.091,0.115
1.461624766598944,0.793,0.092,0.115
1.4660188877994749,0.792,0.092,0.116
1.467571811548376,0.791,0.092,0.117
1.470860804664158,0.79,0.093,0.117
1.4808161398625554,0.789,0.094,0.117
1.4856485851167842,0.788,0.095,0.117
1.4985791895537843,0.787,0.095,0.118
1.5027249281907837,0.786,0.096,0.118
1.5171101040140662,0.785,0.096,0.119
1.527506977144776,0.784,0.096,0.12
1.5406692081490916,0.783,0.097,0.12
1.543192039588216,0.782,0.097,0.121
1.5474564374962543,0.783,0.096,0.121
1.5625521716709605,0.782,0.097,0.121
1.568007994017402,0.781,0.097,0.122
1.5748409662897471,0.78,0.097,0.123
1.5805454605999116,0.779,0.098,0.123
1.5909561228010356,0.778,0.099,0.123
1.6171399670550894,0.777,0.1,0.123
1.6196165583562208,0.776,0.1,0.124
1.6199938413492911,0.775,0.1,0.125
1.6236402493065054,0.774,0.1,0.126
1.636752095581926,0.773,0.1,0.127
1.6470598217704988,0.772,0.101,0.127
1.6483162327144618,0.771,0.101,0.128
1.650992949809341,0.77,0.102,0.128
1.6518969150167917,0.771,0.101,0.128
1.6532913373074034,0.77,0.101,0.129
1.6648017829233044,0.769,0.101,0.13
1.6663018340723723,0.768,0.102,0.13
1.6668586751520411,0.767,0.102,0.131
1.6702619971535284,0.766,0.102,0.132
1.6708245000010142,0.765,0.102,0.133
1.6708655028448374,0.764,0.102,0.134
1.6803214396864974,0.763,0.103,0.134
1.6841159527869454,0.764,0.102,0.134
1.6846053293603953,0.763,0.103,0.134
1.6991134181606289,0.762,0.104,0.134
1.7010779023790077,0.761,0.104,0.135
1.7032779829570204,0.76,0.105,0.135
1.7059061946725431,0.759,0.105,0.136
1.7078450773962741,0.758,0.106,0.136
1.7115043575593591,0.757,0.106,0.137
1.7145164404042637,0.758,0.106,0.136
1.7263362732362788,0.757,0.107,0.136
1.7291229150599359,0.756,0.107,0.137
1.749347394906393,0.755,0.107,0.138
1.7557626144075422,0.756,0.107,0.137
1.7589017642327316,0.755,0.107,0.138
1.7625614500966433,0.754,0.107,0.139
1.7654087903492304,0.753,0.108,0.139
1.7766977832675557,0.754,0.108,0.138
1.7772089317240414,0.753,0.108,0.139
1.786604764427564,0.752,0.108,0.14
1.7936973546045185,0.751,0.108,0.141
1.8052016167389469,0.752,0.108,0.14
1.8142066165608286,0.751,0.108,0.141
1.8149565142171848,0.75,0.108,0.142
1.8168616188186437,0.749,0.109,0.142
1.8242125790990582,0.748,0.11,0.142
1.826921324828979,0.747,0.11,0.143
1.8278848929676534,0.746,0.111,0.143
1.8296363114909697,0.745,0.112,0.143
1.8364010556210515,0.744,0.112,0.144
1.8412672319186965,0.743,0.112,0.145
1.8437428288467443,0.742,0.112,0.146
1.872632281693403,0.741,0.112,0.147
1.8749928149178685,0.74,0.112,0.148
1.875470828251293,0.739,0.112,0.149
1.876641850188045,0.738,0.112,0.15
1.880876202358657,0.737,0.112,0.151
1.8851577692730517,0.736,0.112,0.152
1.889008667861251,0.735,0.112,0.153
1.8898433423725376,0.734,0.113,0.153
1.8928132965238582,0.733,0.113,0.154
1.898101536124757,0.732,0.113,0.155
1.9003932590635126,0.731,0.113,0.156
1.9019358903532892,0.73,0.113,0.157
1.9035075416701142,0.729,0.114,0.157
1.9041716487981397,0.728,0.115,0.157
1.904220598953193,0.727,0.115,0.158
1.9083432805925096,0.726,0.115,0.159
1.9162117458505925,0.725,0.115,0.16
1.9248056202381165,0.724,0.116,0.16
1.9607975854630184,0.723,0.117,0.16
1.964419912017465,0.722,0.117,0.161
1.964707733665708,0.721,0.117,0.162
1.9653539878479325,0.72,0.117,0.163
1.9680789701609467,0.719,0.117,0.164
1.9724432960353617,0.718,0.117,0.165
1.9778790608897978,0.717,0.118,0.165
1.9818951853396245,0.716,0.119,0.165
1.9842334892732236,0.715,0.12,0.165
1.9854228923561537,0.716,0.119,0.165
1.9867942580331857,0.715,0.12,0.165
1.9966601809336448,0.714,0.12,0.166
2.004087170891479,0.715,0.12,0.165
2.006386206954701,0.714,0.121,0.165
2.009110197690044,0.713,0.122,0.165
2.009688008196713,0.712,0.123,0.165
2.0125560427950075,0.711,0.123,0.166
2.016959259297124,0.712,0.122,0.166
2.0292880635610846,0.711,0.123,0.166
2.032199597017744,0.712,0.122,0.166
2.0396871270618324,0.713,0.122,0.165
2.0446151892440456,0.712,0.123,0.165
2.04832766568101,0.711,0.124,0.165
2.0483783157074544,0.712,0.123,0.165
2.0496682294641393,0.711,0.124,0.165
2.050599927196264,0.71,0.125,0.165
2.050702191762861,0.709,0.125,0.166
2.0525857349431607,0.708,0.125,0.167
2.0554104673242453,0.707,0.126,0.167
2.056284153118331,0.706,0.126,0.168
2.06224293885218,0.705,0.127,0.168
2.0686987922898283,0.704,0.127,0.169
2.0773254588069037,0.703,0.128,0.169
2.0791388100476293,0.702,0.129,0.169
2.079873521460426,0.703,0.128,0.169
2.0803269088741296,0.702,0.129,0.169
2.083893754521348,0.701,0.13,0.169
2.087683965528405,0.7,0.131,0.169
2.089570717696458,0.699,0.132,0.169
2.092050719381022,0.698,0.133,0.169
2.109473183649712,0.699,0.132,0.169
2.1103493325875378,0.698,0.132,0.17
2.1140010020332682,0.697,0.132,0.171
2.114888765643007,0.696,0.133,0.171
2.1160015490665756,0.695,0.134,0.171
2.1170581681192617,0.694,0.134,0.172
2.129607696633501,0.693,0.135,0.172
2.1301207430393285,0.692,0.135,0.173
2.136993285277437,0.691,0.136,0.173
2.138442311156976,0.69,0.137,0.173
2.141665610744856,0.689,0.138,0.173
2.1448124797271872,0.688,0.139,0.173
2.1563938954813984,0.687,0.14,0.173
2.1576093787628112,0.686,0.14,0.174
2.159870144896115,0.685,0.14,0.175
2.1649577958119526,0.684,0.14,0.176
2.165869429690865,0.683,0.14,0.177
2.1678480067866457,0.682,0.14,0.178
2.1687921785761652,0.681,0.14,0.179
2.170603081801165,0.68,0.141,0.179
2.184705484799493,0.679,0.141,0.18
2.187730444166191,0.678,0.141,0.181
2.196832032607877,0.677,0.142,0.181
2.203080157712204,0.676,0.142,0.182
2.205008962219897,0.675,0.142,0.183
2.205163497153873,0.674,0.143,0.183
2.2170976063666914,0.673,0.144,0.183
2.225093635474714,0.674,0.143,0.183
2.234319645003694,0.673,0.144,0.183
2.242268596148972,0.672,0.144,0.184
2.2457852053400655,0.671,0.144,0.185
2.2469243603621454,0.67,0.144,0.186
2.250010206555141,0.669,0.145,0.186
2.2603056302420574,0.668,0.146,0.186
2.262118483159203,0.667,0.146,0.187
2.2651911464494767,0.666,0.146,0.188
2.2656862350300497,0.665,0.146,0.189
2.2752101998100738,0.664,0.146,0.19
2.2810975868953123,0.665,0.146,0.189
2.289224447912961,0.664,0.147,0.189
2.2937972050482984,0.665,0.146,0.189
2.2973274794541405,0.664,0.147,0.189
2.2979160258879983,0.663,0.148,0.189
2.3001234398906645,0.662,0.148,0.19
2.3013653829351477,0.661,0.148,0.191
2.301591442847673,0.66,0.149,0.191
2.3043719620248937,0.659,0.15,0.191
2.3140418305766706,0.658,0.15,0.192
2.317951648300247,0.659,0.15,0.191
2.322916217143467,0.658,0.15,0.192
2.3391805895358417,0.657,0.15,0.193
2.339743725280107,0.656,0.151,0.193
2.3422932613821397,0.655,0.151,0.194
2.3525079499889165,0.654,0.151,0.195
2.367412322879588,0.653,0.151,0.196
2.375289793984527,0.652,0.152,0.196
2.3771106031862392,0.651,0.152,0.197
2.3969632987073357,0.65,0.152,0.198
2.413812731837973,0.649,0.153,0.198
2.4188529453465373,0.648,0.154,0.198
2.4194278575554855,0.647,0.155,0.198
2.42614690529393,0.646,0.155,0.199
2.447620122275325,0.647,0.154,0.199
2.448027117619528,0.646,0.155,0.199
2.4550617794370555,0.647,0.155,0.198
2.4573332065361324,0.646,0.156,0.198
2.459272875729837,0.645,0.157,0.198
2.4678838511168153,0.646,0.157,0.197
2.469717073277745,0.647,0.157,0.196
2.4711620917704695,0.646,0.157,0.197
2.472509962990408,0.645,0.157,0.198
2.4758768737128096,0.644,0.158,0.198
2.481550409869141,0.643,0.158,0.199
2.489546183763605,0.644,0.158,0.198
2.4932712841709215,0.643,0.158,0.199
2.4933855168741963,0.642,0.158,0.2
2.5029520933776674,0.643,0.158,0.199
2.503251733559175,0.644,0.158,0.198
2.5100473565178336,0.643,0.159,0.198
2.512614314018715,0.642,0.159,0.199
2.513250861175894,0.641,0.159,0.2
2.5178967512892734,0.64,0.16,0.2
2.532576536309653,0.639,0.16,0.201
2.5340977865666043,0.638,0.161,0.201
2.5417910536863952,0.637,0.161,0.202
2.542735477640354,0.636,0.161,0.203
2.553666187188122,0.635,0.161,0.204
2.5607368787992337,0.634,0.162,0.204
2.560800023193326,0.633,0.163,0.204
2.5614067314468407,0.632,0.164,0.204
2.5643059274086983,0.631,0.164,0.205
2.568295435343095,0.63,0.165,0.205
2.5763005692154652,0.631,0.164,0.205
2.5778025415244454,0.63,0.164,0.206
2.5940744695872273,0.629,0.165,0.206
2.597271905892959,0.628,0.165,0.207
2.6063577208891835,0.629,0.164,0.207
2.6216272982570614,0.628,0.164,0.208
2.623358757496342,0.627,0.164,0.209
2.62707491171227,0.626,0.165,0.209
2.629325344720595,0.625,0.166,0.209
2.6366820175961374,0.626,0.165,0.209
2.6369075863364673,0.625,0.166,0.209
2.6396641496875803,0.624,0.167,0.209
2.6452860684272714,0.623,0.168,0.209
2.6478893641748984,0.624,0.167,0.209
2.655792388776799,0.623,0.167,0.21
2.6573409781277326,0.622,0.168,0.21
2.658840470985269,0.621,0.168,0.211
2.6633020406520878,0.622,0.168,0.21
2.667480084288278,0.621,0.169,0.21
2.6680988228373756,0.62,0.169,0.211
2.6761510078672552,0.621,0.168,0.211
2.67856869469388,0.62,0.168,0.212
2.679847891703843,0.619,0.169,0.212
2.6819185212174,0.62,0.169,0.211
2.6841708391269017,0.619,0.169,0.212
2.6851451054115163,0.62,0.168,0.212
2.703160347853841,0.619,0.168,0.213
2.703821719777472,0.618,0.168,0.214
2.7108650763847884,0.619,0.168,0.213
2.715643497000167,0.618,0.168,0.214
2.730890823414179,0.619,0.168,0.213
2.739614155113533,0.62,0.167,0.213
2.754050737997645,0.619,0.167,0.214
2.7597866336557844,0.618,0.167,0.215
2.766517547202226,0.617,0.168,0.215
2.774885482498689,0.616,0.168,0.216
2.786476952407816,0.617,0.168,0.215
2.7904258552411454,0.616,0.169,0.215
2.792594551160944,0.615,0.17,0.215
2.795196191292048,0.616,0.169,0.215
2.7975356123653663,0.615,0.169,0.216
2.8022610559242356,0.614,0.17,0.216
2.8031840716134466,0.613,0.171,0.216
2.8177614963502466,0.612,0.171,0.217
2.8217081609939942,0.611,0.171,0.218
2.8434157252433505,0.612,0.171,0.217
2.849227652812079,0.611,0.172,0.217
2.8505316857101213,0.612,0.171,0.217
2.8554342121508247,0.611,0.171,0.218
2.856608640742735,0.612,0.171,0.217
2.883542438285894,0.611,0.172,0.217
2.88732910203961,0.61,0.172,0.218
2.8875608516854485,0.609,0.173,0.218
2.888407851004099,0.61,0.173,0.217
2.8943518015071237,0.609,0.173,0.218
2.8982686451821396,0.61,0.172,0.218
2.903065159686828,0.611,0.172,0.217
2.908292908861749,0.61,0.172,0.218
2.9194892461424296,0.611,0.171,0.218
2.925408480533319,0.61,0.172,0.218
2.9274062024143923,0.609,0.173,0.218
2.928399193358131,0.608,0.173,0.219
2.931584676829642,0.607,0.173,0.22
2.9537415180686657,0.606,0.174,0.22
2.973401082033879,0.605,0.175,0.22
2.9775731527234415,0.606,0.174,0.22
2.979772007749726,0.605,0.174,0.221
2.982914562923615,0.604,0.174,0.222
2.9924103261033657,0.603,0.175,0.222
3.0003101036575606,0.602,0.176,0.222
3.004765069683313,0.601,0.176,0.223
3.0084231865355693,0.6,0.177,0.223
3.012117956349709,0.599,0.177,0.224
3.015303938735842,0.598,0.178,0.224
3.021055605600084,0.597,0.178,0.225
3.0331857121420316,0.598,0.178,0.224
3.035772526032841,0.597,0.179,0.224
3.03913479405362,0.596,0.18,0.224
3.044699357147479,0.597,0.18,0.223
3.0457509103185507,0.596,0.18,0.224
3.0479195691587035,0.595,0.181,0.224
3.0530094786958673,0.594,0.181,0.225
3.0572718974990885,0.593,0.182,0.225
3.061535259646923,0.592,0.183,0.225
3.0625196676156037,0.593,0.182,0.225
3.062568274824948,0.592,0.183,0.225
3.070326170102866,0.593,0.183,0.224
3.0760656584070905,0.592,0.184,0.224
3.0838501011850403,0.591,0.184,0.225
3.091069565493416,0.59,0.184,0.226
3.092937733911177,0.589,0.184,0.227
3.099423825329021,0.588,0.184,0.228
3.1214309166892766,0.589,0.184,0.227
3.126938463454764,0.588,0.185,0.227
3.1313744448178507,0.587,0.186,0.227
3.136187361038815,0.588,0.185,0.227
3.1377236639659603,0.589,0.185,0.226
3.1402180785075178,0.588,0.185,0.227
3.141405397125497,0.587,0.186,0.227
3.1476237487864798,0.586,0.187,0.227
3.1499616628852163,0.585,0.188,0.227
3.1535380290422816,0.586,0.188,0.226
3.160235083022397,0.587,0.188,0.225
3.160940847491726,0.588,0.188,0.224
3.164999589958548,0.587,0.188,0.225
3.165047947410909,0.588,0.188,0.224
3.169730403749407,0.589,0.188,0.223
3.172985698638433,0.588,0.188,0.224
3.173019324058155,0.589,0.187,0.224
3.1770001737960136,0.588,0.188,0.224
3.1800432417159628,0.587,0.188,0.225
3.1800881358105073,0.586,0.189,0.225
3.202844567355201,0.585,0.19,0.225
3.2043141932169505,0.584,0.19,0.226
3.2085071986389955,0.585,0.189,0.226
3.2091809652368095,0.586,0.188,0.226
3.212948812544276,0.585,0.189,0.226
3.221629281813514,0.584,0.19,0.226
3.2222369469732937,0.585,0.189,0.226
3.2270507599547575,0.586,0.189,0.225
3.2291826544886186,0.585,0.19,0.225
3.2321998893454253,0.584,0.19,0.226
3.2327531689128968,0.583,0.19,0.227
3.2374922061292484,0.584,0.189,0.227
3.23785800658214,0.583,0.19,0.227
3.2381961883819095,0.584,0.19,0.226
3.24328973309915,0.583,0.19,0.227
3.248688369634312,0.582,0.191,0.227
3.250148711239005,0.581,0.191,0.228
3.253279238608105,0.58,0.192,0.228
3.2585042043263375,0.579,0.192,0.229
3.2611682605461487,0.578,0.192,0.23
3.263279595901326,0.577,0.193,0.23
3.2661189349567064,0.576,0.193,0.231
3.2740755989101533,0.575,0.194,0.231
3.2833208137388494,0.574,0.194,0.232
3.290131247602869,0.573,0.194,0.233
3.2952564984360593,0.572,0.195,0.233
3.298162518724472,0.571,0.195,0.234
3.306786908506323,0.57,0.196,0.234
3.3091164223002405,0.569,0.197,0.234
3.3109333047260696,0.568,0.197,0.235
3.3169578395893544,0.567,0.198,0.235
3.323272280947212,0.568,0.198,0.234
3.325271279519309,0.567,0.198,0.235
3.325735159713681,0.568,0.197,0.235
3.328588219108073,0.567,0.197,0.236
3.3294345180427904,0.568,0.197,0.235
3.331853063774024,0.567,0.197,0.236
3.3333855731628015,0.566,0.198,0.236
3.3369282548441404,0.565,0.198,0.237
3.3376811913454905,0.564,0.199,0.237
3.339101582563682,0.565,0.198,0.237
3.345804199032893,0.566,0.198,0.236
3.353789806373359,0.565,0.198,0.237
3.357499857919841,0.564,0.198,0.238
3.3576693987616046,0.563,0.198,0.239
3.3589651458281593,0.562,0.199,0.239
3.35991212616966,0.561,0.199,0.24
3.363009435585134,0.56,0.2,0.24
3.3659363796801856,0.559,0.201,0.24
3.3845162013168695,0.56,0.2,0.24
3.38919247747446,0.559,0.201,0.24
3.3897231936988685,0.56,0.201,0.239
3.3956816305623327,0.559,0.201,0.24
3.40668784857496,0.56,0.201,0.239
3.409394948684787,0.559,0.201,0.24
3.4134584899449907,0.558,0.202,0.24
3.423724562717329,0.559,0.202,0.239
3.4271516803522997,0.558,0.203,0.239
3.4274429003876494,0.557,0.203,0.24
3.4293318042152485,0.556,0.203,0.241
3.4295204866907443,0.555,0.204,0.241
3.4299473978816835,0.554,0.205,0.241
3.433466130918803,0.553,0.205,0.242
3.4341260751902194,0.552,0.205,0.243
3.4451260838464473,0.553,0.204,0.243
3.4492089025274884,0.554,0.203,0.243
3.459028331192384,0.553,0.203,0.244
3.4698322497209455,0.552,0.203,0.245
3.4836267789532718,0.551,0.203,0.246
3.486426594613173,0.55,0.204,0.246
3.4892101504122137,0.549,0.205,0.246
3.489233760290327,0.55,0.204,0.246
3.5037459230084047,0.549,0.205,0.246
3.507834547384109,0.55,0.204,0.246
3.514609309555079,0.549,0.204,0.247
3.519457679947134,0.548,0.204,0.248
3.526817145435921,0.547,0.205,0.248
3.5294279110324345,0.546,0.206,0.248
3.533649649686753,0.547,0.206,0.247
3.534461315245839,0.546,0.207,0.247
3.5385370525176723,0.545,0.208,0.247
3.539257904332573,0.544,0.208,0.248
3.54615742625917,0.543,0.208,0.249
3.5535142366286028,0.544,0.207,0.249
3.560768993152402,0.543,0.208,0.249
3.5678553967264413,0.542,0.208,0.25
3.56915714977469,0.541,0.208,0.251
3.569352212681055,0.54,0.208,0.252
3.573577416282473,0.539,0.209,0.252
3.5915913642698403,0.538,0.21,0.252
3.5945045828598343,0.537,0.21,0.253
3.5975219739783326,0.536,0.211,0.253
3.6024868171056244,0.537,0.211,0.252
3.6112080460720506,0.536,0.211,0.253
3.6114103108284064,0.537,0.21,0.253
3.6163498130620675,0.536,0.211,0.253
3.62273112133437,0.535,0.212,0.253
3.6228675543888404,0.534,0.213,0.253
3.630005122160207,0.533,0.214,0.253
3.6517354821289563,0.532,0.215,0.253
3.65225793947167,0.531,0.216,0.253
3.6619965690497156,0.53,0.217,0.253
3.67979451670289,0.529,0.217,0.254
3.6956693000797944,0.528,0.218,0.254
3.6957161552072404,0.529,0.217,0.254
3.7075759044701866,0.528,0.218,0.254
3.7087997043363656,0.527,0.218,0.255
3.715660651637552,0.526,0.219,0.255
3.717517011584086,0.527,0.218,0.255
3.727662752883535,0.526,0.218,0.256
3.740720274497199,0.525,0.218,0.257
3.742829216417904,0.524,0.219,0.257
3.7442490057847406,0.525,0.218,0.257
3.7455278893806123,0.524,0.218,0.258
3.7504256196656156,0.525,0.217,0.258
3.75321203584606,0.526,0.217,0.257
3.7562334626353264,0.525,0.217,0.258
3.760682362987551,0.524,0.218,0.258
3.765449711582587,0.523,0.219,0.258
3.766651524207236,0.522,0.22,0.258
3.7985964810269164,0.523,0.219,0.258
3.8009034394330428,0.522,0.219,0.259
3.8060433225009405,0.521,0.219,0.26
3.807291575654019,0.52,0.219,0.261
3.80785479105175,0.521,0.218,0.261
3.80788989481025,0.52,0.218,0.262
3.814056088466551,0.519,0.218,0.263
3.8174826537510937,0.518,0.218,0.264
3.818473415908878,0.519,0.217,0.264
3.821861927365475,0.518,0.218,0.264
3.821910688873949,0.517,0.219,0.264
3.8286885826862767,0.516,0.219,0.265
3.836408846219604,0.515,0.22,0.265
3.8427049468215677,0.516,0.219,0.265
3.8430338968267344,0.517,0.219,0.264
3.843823170237987,0.518,0.219,0.263
3.845584350537987,0.517,0.22,0.263
3.8482588642913065,0.516,0.221,0.263
3.8585898906407956,0.515,0.221,0.264
3.8596924044006533,0.514,0.222,0.264
3.8714048114969195,0.515,0.222,0.263
3.873316953900627,0.516,0.221,0.263
3.8741294739918413,0.515,0.221,0.264
3.880988721698962,0.514,0.222,0.264
3.8813662611195623,0.513,0.222,0.265
3.885570733206752,0.514,0.222,0.264
3.8871442928447744,0.513,0.223,0.264
3.901723396227474,0.512,0.224,0.264
3.9064366919544793,0.511,0.225,0.264
3.910586517515634,0.512,0.224,0.264
3.91430826732873,0.511,0.225,0.264
3.9194144006144747,0.51,0.226,0.264
3.9211658563628116,0.509,0.226,0.265
3.921986563471192,0.51,0.225,0.265
3.927374478425926,0.509,0.226,0.265
3.927572165311702,0.508,0.227,0.265
3.934922348573494,0.507,0.228,0.265
3.9358035461198404,0.506,0.228,0.266
3.9440729197975237,0.505,0.228,0.267
3.9467760921538675,0.504,0.229,0.267
3.955528062811715,0.503,0.23,0.267
3.95926685924709,0.502,0.231,0.267
3.959905695792025,0.503,0.23,0.267
3.9642116803606506,0.502,0.231,0.267
3.9663886818371954,0.501,0.231,0.268
3.9877880718383523,0.502,0.23,0.268
3.9890355905064014,0.501,0.231,0.268
3.9895095528272866,0.5,0.231,0.269
3.989540679297459,0.499,0.231,0.27
3.9896128086076503,0.5,0.23,0.27
3.9930701763343284,0.499,0.231,0.27
3.999916837026473,0.498,0.231,0.271
4.005979783577004,0.499,0.231,0.27
4.006427031366719,0.498,0.232,0.27
4.01152551020568,0.497,0.232,0.271
4.012326536344608,0.496,0.233,0.271
4.026120000729507,0.495,0.234,0.271
4.0294357093444955,0.494,0.235,0.271
4.030941878774764,0.495,0.234,0.271
4.031566974268159,0.496,0.233,0.271
4.034922008501994,0.497,0.233,0.27
4.035074022029374,0.496,0.233,0.271
4.03702522314408,0.495,0.234,0.271
4.0435021352184135,0.494,0.235,0.271
4.045114110474735,0.493,0.236,0.271
4.050554980467283,0.492,0.236,0.272
4.056339818904404,0.491,0.236,0.273
4.061387288175834,0.492,0.235,0.273
4.067348288611842,0.491,0.235,0.274
4.069647601263639,0.492,0.235,0.273
4.070306320231248,0.491,0.235,0.274
4.070992271442175,0.49,0.235,0.275
4.074185894801863,0.489,0.236,0.275
4.074675164846032,0.488,0.237,0.275
4.077315638455666,0.489,0.236,0.275
4.080296287229383,0.49,0.236,0.274
4.082370214765208,0.489,0.237,0.274
4.088956111700736,0.49,0.236,0.274
4.094468156389969,0.489,0.237,0.274
4.095122145832479,0.49,0.236,0.274
4.098062890524138,0.491,0.235,0.274
4.100314218454245,0.492,0.235,0.273
4.102399643408317,0.491,0.236,0.273
4.114984354062508,0.49,0.236,0.274
4.1227197742378685,0.489,0.237,0.274
4.133592382127924,0.488,0.237,0.275
4.139916617105793,0.489,0.237,0.274
4.146243984325558,0.488,0.238,0.274
4.15612303906656,0.489,0.237,0.274
4.164702599689071,0.488,0.238,0.274
4.168436335911071,0.487,0.238,0.275
4.168484682148562,0.486,0.239,0.275
4.173249434651857,0.485,0.239,0.276
4.180646726192019,0.484,0.239,0.277
4.183102488361347,0.483,0.24,0.277
4.19702589953376,0.482,0.241,0.277
4.2004255675233875,0.481,0.241,0.278
4.201151560535058,0.48,0.242,0.278
4.201309650335041,0.481,0.241,0.278
4.203951669938772,0.48,0.241,0.279
4.206144136288745,0.479,0.241,0.28
4.206774865812547,0.478,0.241,0.281
4.211141866336831,0.479,0.241,0.28
4.219507858734421,0.478,0.242,0.28
4.226312843010339,0.479,0.241,0.28
4.23476025659432,0.478,0.241,0.281
4.241468101815171,0.477,0.242,0.281
4.244110112049158,0.476,0.242,0.282
4.244561208017268,0.477,0.241,0.282
4.249658593155593,0.478,0.241,0.281
4.251966515319567,0.479,0.241,0.28
4.2597217657319115,0.48,0.241,0.279
4.261330949863601,0.479,0.241,0.28
4.27221956507588,0.478,0.241,0.281
4.272340178896083,0.479,0.241,0.28
4.278546925415016,0.48,0.241,0.279
4.281554831917624,0.479,0.241,0.28
4.285368904222565,0.478,0.242,0.28
4.2907971155176305,0.479,0.242,0.279
4.297256480607352,0.478,0.243,0.279
4.312499103316675,0.477,0.243,0.28
4.31515063500659,0.476,0.244,0.28
4.318720443257886,0.475,0.244,0.281
4.32051765928538,0.474,0.245,0.281
4.326637162736556,0.473,0.246,0.281
4.328320566800735,0.472,0.247,0.281
4.328389328204342,0.471,0.248,0.281
4.3372171591289845,0.47,0.249,0.281
4.339673426076353,0.469,0.25,0.281
4.361553053500462,0.468,0.251,0.281
4.3780864960805586,0.467,0.251,0.282
4.381326385128547,0.466,0.252,0.282
4.381958463834727,0.465,0.252,0.283
4.384562679808232,0.466,0.251,0.283
4.394093294328679,0.465,0.251,0.284
4.399408241412418,0.464,0.251,0.285
4.399569268822438,0.463,0.252,0.285
4.40239736168888,0.462,0.252,0.286
4.403045966682176,0.461,0.253,0.286
4.41605310505998,0.46,0.254,0.286
4.42362959818671,0.459,0.254,0.287
4.426525341330223,0.458,0.254,0.288
4.446579211093485,0.457,0.255,0.288
4.449675237289971,0.456,0.256,0.288
4.452752924715863,0.455,0.257,0.288
4.454381647742652,0.454,0.258,0.288
4.455230693677454,0.455,0.258,0.287
4.461040474222864,0.454,0.258,0.288
4.465443841464025,0.455,0.257,0.288
4.47706754838178,0.454,0.257,0.289
4.478775631621384,0.455,0.256,0.289
4.47977290970368,0.454,0.256,0.29
4.485491629915992,0.453,0.257,0.29
4.507237004795504,0.452,0.258,0.29
4.514649735133713,0.451,0.259,0.29
4.514699076601503,0.45,0.26,0.29
4.519897935952136,0.449,0.26,0.291
4.5217634035766885,0.45,0.26,0.29
4.5227167798325825,0.451,0.26,0.289
4.523731859977632,0.45,0.26,0.29
4.527079628288611,0.449,0.261,0.29
4.528665880415807,0.448,0.261,0.291
4.5318256001263615,0.447,0.261,0.292
4.536953694417091,0.446,0.261,0.293
4.543008585479054,0.445,0.262,0.293
4.5526518549781585,0.446,0.261,0.293
4.560099676805986,0.447,0.261,0.292
4.561071982572999,0.446,0.261,0.293
4.562888275038034,0.447,0.26,0.293
4.565516967312289,0.446,0.26,0.294
4.568349489873827,0.445,0.261,0.294
4.571108782449611,0.444,0.261,0.295
4.572108013891257,0.445,0.261,0.294
4.575605427500774,0.444,0.261,0.295
4.575713653576617,0.445,0.26,0.295
4.576620071022071,0.446,0.26,0.294
4.583321569773223,0.445,0.26,0.295
4.584305737679624,0.444,0.26,0.296
4.589654755248755,0.443,0.261,0.296
4.593542004718881,0.442,0.262,0.296
4.59777270800453,0.443,0.261,0.296
4.599736545287374,0.442,0.261,0.297
4.614803997206618,0.443,0.261,0.296
4.615676513921744,0.442,0.262,0.296
4.6218355504071225,0.441,0.263,0.296
4.624926948049004,0.442,0.263,0.295
4.625361395920069,0.443,0.262,0.295
4.627726814971747,0.444,0.261,0.295
4.628254841744241,0.443,0.262,0.295
4.6402795487706845,0.442,0.263,0.295
4.641832862001936,0.443,0.263,0.294
4.646513335517778,0.444,0.262,0.294
4.648581506848759,0.445,0.261,0.294
4.649631532060083,0.444,0.261,0.295
4.653501771379869,0.445,0.261,0.294
4.65362459373374,0.444,0.261,0.295
4.665053273754542,0.443,0.261,0.296
4.67116676151727,0.442,0.261,0.297
4.6739225786185346,0.441,0.261,0.298
4.677860258023604,0.442,0.261,0.297
4.678467781419237,0.441,0.261,0.298
4.68384718381772,0.442,0.26,0.298
4.684065447778842,0.441,0.261,0.298
4.6878075069458225,0.442,0.261,0.297
4.694930391520948,0.441,0.262,0.297
4.695544534046918,0.442,0.262,0.296
4.697529328237185,0.443,0.262,0.295
4.697814663299713,0.442,0.262,0.296
4.6990888737972485,0.443,0.261,0.296
4.701417053273042,0.444,0.26,0.296
4.703334038370577,0.443,0.261,0.296
4.703433720577058,0.442,0.261,0.297
4.704377447720762,0.443,0.26,0.297
4.704635629731009,0.444,0.259,0.297
4.7111410071139,0.443,0.26,0.297
4.7114164362609765,0.442,0.261,0.297
4.711623106371192,0.441,0.262,0.297
4.716117578881074,0.44,0.263,0.297
4.726256570662595,0.441,0.262,0.297
4.735926898072599,0.44,0.263,0.297
4.7424142252938255,0.441,0.263,0.296
4.756815248663859,0.442,0.262,0.296
4.768125915686467,0.441,0.263,0.296
4.773087023127993,0.44,0.263,0.297
4.773089481760539,0.439,0.263,0.298
4.788859536623429,0.44,0.262,0.298
4.793989407581068,0.439,0.263,0.298
4.794157176949558,0.44,0.263,0.297
4.7949696458504425,0.439,0.263,0.298
4.796800349994867,0.438,0.263,0.299
4.79857366241849,0.439,0.262,0.299
4.799008964073386,0.438,0.263,0.299
4.8020614915915925,0.439,0.262,0.299
4.802270955179822,0.44,0.261,0.299
4.802932949711234,0.441,0.26,0.299
4.806635208665335,0.44,0.26,0.3
4.806760544259444,0.439,0.26,0.301
4.8151862605524665,0.438,0.26,0.302
4.822456193037115,0.439,0.259,0.302
4.827329532451369,0.44,0.258,0.302
4.834273947460459,0.441,0.257,0.302
4.834776875844066,0.442,0.256,0.302
4.83700907939896,0.441,0.257,0.302
4.837505384217259,0.442,0.256,0.302
4.841248966472049,0.443,0.255,0.302
4.842130825922494,0.444,0.255,0.301
4.858338104861193,0.443,0.255,0.302
4.860117956421456,0.442,0.256,0.302
4.8613035570913,0.441,0.256,0.303
4.865845965473511,0.442,0.255,0.303
4.866676812994965,0.443,0.254,0.303
4.866726635117788,0.444,0.253,0.303
4.8738181131845675,0.445,0.252,0.303
4.8742594485650175,0.444,0.253,0.303
4.879710400005212,0.445,0.252,0.303
4.881090269077319,0.446,0.252,0.302
4.896906883311027,0.447,0.251,0.302
4.897330548654678,0.446,0.252,0.302
4.8973829171115675,0.447,0.251,0.302
4.898892546457481,0.446,0.252,0.302
4.905557781284341,0.445,0.253,0.302
4.911297180239985,0.444,0.254,0.302
4.921348093456222,0.445,0.254,0.301
4.924889456908624,0.446,0.253,0.301
4.9344540827357735,0.445,0.254,0.301
4.93603287207614,0.446,0.254,0.3
4.939738970778389,0.445,0.255,0.3
4.95606119649974,0.446,0.254,0.3
4.956169701955414,0.447,0.254,0.299
4.96049557130452,0.448,0.253,0.299
4.96138116455424,0.449,0.252,0.299
4.961945502395636,0.448,0.252,0.3
4.967000503725015,0.449,0.251,0.3
4.967860055452689,0.45,0.251,0.299
4.96852356043067,0.449,0.252,0.299
4.982518417669563,0.448,0.252,0.3
4.984660883860835,0.447,0.253,0.3
4.987539642919764,0.448,0.252,0.3
4.989666299859936,0.447,0.252,0.301
4.991967043547093,0.446,0.252,0.302
4.99309679187168,0.445,0.253,0.302
4.994352782155256,0.446,0.252,0.302
4.994643866632347,0.447,0.251,0.302
4.997479147508067,0.448,0.25,0.302
4.999353856161793,0.449,0.249,0.302
5.001887786624889,0.448,0.25,0.302
5.00528040947854,0.449,0.249,0.302
5.008240214759414,0.448,0.249,0.303
5.008531761889697,0.449,0.248,0.303
5.016598034907668,0.45,0.247,0.303
5.022584352897701,0.451,0.246,0.303
5.02799628862338,0.452,0.245,0.303
5.028225277994758,0.453,0.245,0.302
5.033194701517096,0.454,0.244,0.302
5.035779270631482,0.453,0.244,0.303
5.037583930612263,0.454,0.243,0.303
5.037635296517243,0.453,0.243,0.304
5.038374427425774,0.454,0.242,0.304
5.042389167331651,0.455,0.241,0.304
5.043123900676167,0.456,0.24,0.304
5.047594499879086,0.457,0.239,0.304
5.048549779628524,0.458,0.239,0.303
5.049225688312036,0.457,0.24,0.303
5.051439036700146,0.456,0.24,0.304
5.061662227834002,0.457,0.239,0.304
5.0741181651681,0.458,0.238,0.304
5.076128773407028,0.459,0.237,0.304
5.078793782404082,0.46,0.236,0.304
5.083252576327604,0.461,0.235,0.304
5.084052705428859,0.462,0.234,0.304
5.084109558866349,0.463,0.233,0.304
5.085373393394789,0.464,0.233,0.303
5.087450619609554,0.463,0.233,0.304
5.093058798564808,0.462,0.233,0.305
5.096746811643718,0.461,0.234,0.305
5.101529383905866,0.46,0.235,0.305
5.103808847676215,0.461,0.234,0.305
5.104339788886662,0.462,0.233,0.305
5.10548469855046,0.463,0.232,0.305
5.107046060616676,0.462,0.232,0.306
5.112397753658675,0.463,0.231,0.306
5.113544359791542,0.464,0.23,0.306
5.119737698296153,0.463,0.23,0.307
5.12072028973127,0.462,0.231,0.307
5.121360282686333,0.461,0.232,0.307
5.121692318879467,0.462,0.231,0.307
5.12642701349373,0.463,0.23,0.307
5.128658780684802,0.464,0.229,0.307
5.1323490310577515,0.463,0.23,0.307
5.133471760101552,0.462,0.231,0.307
5.133599130593771,0.461,0.231,0.308
5.136046735488377,0.46,0.231,0.309
5.136752192886363,0.461,0.23,0.309
5.136837429675607,0.46,0.23,0.31
5.1431371590409265,0.461,0.23,0.309
5.14408986620123,0.46,0.231,0.309
5.14429164776214,0.461,0.23,0.309
5.148179618358383,0.462,0.23,0.308
5.150850317044287,0.463,0.229,0.308
5.154236018613282,0.464,0.229,0.307
5.155470434915911,0.463,0.229,0.308
5.159241165486241,0.462,0.23,0.308
5.1614447823868215,0.461,0.231,0.308
5.161581040766263,0.462,0.23,0.308
5.164799587877454,0.461,0.231,0.308
5.167002653214915,0.462,0.231,0.307
5.172269880989749,0.461,0.232,0.307
5.181537849242712,0.462,0.231,0.307
5.187568096535811,0.461,0.232,0.307
5.190826838539589,0.462,0.231,0.307
5.192985807279744,0.463,0.23,0.307
5.19312260494556,0.464,0.229,0.307
5.193799919289329,0.465,0.228,0.307
5.194113689238198,0.466,0.227,0.307
5.194357820781805,0.465,0.228,0.307
5.1954543406016285,0.466,0.228,0.306
5.197142358891234,0.465,0.228,0.307
5.200560798967823,0.464,0.228,0.308
5.204948388458962,0.465,0.228,0.307
5.20884309893051,0.466,0.227,0.307
5.209406650627769,0.467,0.226,0.307
5.211007451478516,0.468,0.225,0.307
5.2126471582560825,0.469,0.224,0.307
5.213195209130436,0.47,0.224,0.306
5.213401024701091,0.471,0.223,0.306
5.215653439605698,0.472,0.222,0.306
5.21897089618516,0.471,0.223,0.306
5.219220624428157,0.472,0.222,0.306
5.230816679283641,0.471,0.223,0.306
5.232739867059693,0.472,0.222,0.306
5.234181245319871,0.473,0.221,0.306
5.239609009104769,0.474,0.22,0.306
5.241677583434355,0.473,0.221,0.306
5.242981397576771,0.474,0.22,0.306
5.243234278821146,0.475,0.219,0.306
5.245977834711969,0.476,0.218,0.306
5.249544627119421,0.477,0.217,0.306
5.250831382894219,0.476,0.217,0.307
5.252434794464309,0.475,0.217,0.308
5.253021772734553,0.476,0.216,0.308
5.254043489461694,0.477,0.215,0.308
5.256082699655962,0.476,0.216,0.308
5.259672554569388,0.475,0.216,0.309
5.261967190940226,0.476,0.215,0.309
5.264390221231666,0.477,0.215,0.308
5.27028045439196,0.476,0.216,0.308
5.273582401995335,0.477,0.215,0.308
5.276155805159184,0.478,0.214,0.308
5.276530585265441,0.479,0.213,0.308
5.277637699924637,0.48,0.212,0.308
5.278498458516615,0.479,0.213,0.308
5.280647737818395,0.48,0.212,0.308
5.284546735342374,0.479,0.212,0.309
5.28749681201087,0.478,0.212,0.31
5.287516218473471,0.479,0.211,0.31
5.288103838674104,0.478,0.212,0.31
5.291028597804713,0.479,0.211,0.31
5.295384093725308,0.48,0.21,0.31
5.296013556981312,0.479,0.211,0.31
5.296570093229667,0.478,0.212,0.31
5.2971570266630215,0.479,0.211,0.31
5.299852849583266,0.48,0.21,0.31
5.300830307514285,0.481,0.209,0.31
5.303384519052043,0.482,0.208,0.31
5.304581389675859,0.481,0.209,0.31
5.306432695612752,0.48,0.209,0.311
5.3089609322862295,0.481,0.208,0.311
5.310483854764344,0.482,0.207,0.311
5.314326235963621,0.481,0.208,0.311
5.318112291991725,0.482,0.207,0.311
5.31934629026409,0.483,0.207,0.31
5.319685999829393,0.484,0.206,0.31
5.319751424435143,0.485,0.205,0.31
5.320703258188897,0.486,0.204,0.31
5.322579054729854,0.487,0.203,0.31
5.3291887365399875,0.488,0.202,0.31
5.330499950872233,0.489,0.201,0.31
5.332550787552387,0.488,0.202,0.31
