time,f0,f1,f2
0.0,1.0,0.0,0.0
0.0042254845725314474,0.999,0.001,0.0
0.005226037652262969,0.998,0.001,0.001
0.020371780861882544,0.997,0.001,0.002
0.03014969127939658,0.996,0.001,0.003
0.036410408496805394,0.995,0.001,0.004
0.04079008862103346,0.994,0.002,0.004
0.04110733406966764,0.993,0.003,0.004
0.04749918195947393,0.992,0.004,0.004
0.04827309407414013,0.991,0.004,0.005
0.051194248856110604,0.99,0.004,0.006
0.053272958364062394,0.989,0.004,0.007
0.06458629351646507,0.988,0.004,0.008
0.07421377554697658,0.987,0.005,0.008
0.07461988149072368,0.986,0.005,0.009
0.08730850168407399,0.985,0.006,0.009
0.11727339237546121,0.984,0.006,0.01
0.11859064412995415,0.983,0.007,0.01
0.1279710387426087,0.982,0.008,0.01
0.13699339206847075,0.981,0.009,0.01
0.14315262756055044,0.98,0.009,0.011
0.14810896210307864,0.979,0.01,0.011
0.1507721776325698,0.978,0.01,0.012
0.16078731267376073,0.977,0.011,0.012
0.1608684248636623,0.976,0.011,0.013
0.1616534150580794,0.975,0.011,0.014
0.1750675141351239,0.974,0.012,0.014
0.18017272802356443,0.973,0.012,0.015
0.19211149933208715,0.972,0.013,0.015
0.20227377235956023,0.971,0.014,0.015
0.21472292430314643,0.97,0.015,0.015
0.2215534663509602,0.969,0.016,0.015
0.2269374579230823,0.968,0.017,0.015
0.2471440873976998,0.967,0.017,0.016
0.25017112867528235,0.966,0.018,0.016
0.2569120615004565,0.965,0.019,0.016
0.258985320417032,0.964,0.019,0.017
0.2611437467426787,0.963,0.019,0.018
0.2651657360706357,0.962,0.019,0.019
0.27586104435847797,0.961,0.019,0.02
0.2813619403690076,0.96,0.019,0.021
0.2852557687944838,0.959,0.019,0.022
0.28752119246916763,0.958,0.019,0.023
0.29246833811701983,0.957,0.02,0.023
0.29456906405014727,0.956,0.02,0.024
0.30353308667804874,0.955,0.021,0.024
0.3068266418804098,0.954,0.022,0.024
0.3075040507171536,0.953,0.023,0.024
0.31005730109067176,0.952,0.023,0.025
0.34564814271636235,0.951,0.024,0.025
0.3780557492876527,0.95,0.024,0.026
0.3800352453405481,0.949,0.025,0.026
0.38380509640529603,0.948,0.026,0.026
0.38607601004472386,0.947,0.027,0.026
0.3869252958288313,0.946,0.027,0.027
0.38836394875200075,0.945,0.027,0.028
0.41166192167629845,0.944,0.027,0.029
0.4333483158783238,0.943,0.028,0.029
0.43486135020563066,0.942,0.028,0.03
0.4355633437004645,0.941,0.028,0.031
0.4377379224554141,0.94,0.029,0.031
0.4443932396788185,0.939,0.03,0.031
0.46013728770152235,0.938,0.031,0.031
0.4672503180188525,0.937,0.032,0.031
0.47427830484319144,0.936,0.032,0.032
0.4875192403017734,0.935,0.032,0.033
0.4888450624334311,0.934,0.033,0.033
0.4959278569173402,0.933,0.033,0.034
0.4961679620415862,0.932,0.033,0.035
0.49985017829193096,0.933,0.033,0.034
0.5045106202505908,0.932,0.033,0.035
0.5052467822864978,0.933,0.032,0.035
0.5121318465227618,0.932,0.033,0.035
0.5137408185407212,0.931,0.034,0.035
0.5187269905024117,0.93,0.034,0.036
0.5196419130778079,0.929,0.035,0.036
0.5282127853779943,0.928,0.036,0.036
0.552208531872215,0.927,0.036,0.037
0.5525570196349769,0.926,0.036,0.038
0.5613306154938696,0.925,0.036,0.039
0.5775834745808461,0.924,0.036,0.04
0.5807399214220471,0.923,0.037,0.04
0.5878461538247766,0.922,0.037,0.041
0.5939987129637592,0.921,0.038,0.041
0.5985713703598331,0.922,0.038,0.04
0.5997674582973853,0.921,0.039,0.04
0.6014511595371042,0.92,0.039,0.041
0.6031064894641452,0.919,0.04,0.041
0.6160640098771818,0.918,0.041,0.041
0.6322672840246752,0.917,0.041,0.042
0.6396416796589034,0.916,0.041,0.043
0.6425123614964819,0.915,0.041,0.044
0.6525698559250896,0.916,0.04,0.044
0.653474289792324,0.915,0.041,0.044
0.6554781996026318,0.914,0.042,0.044
0.6586256876596813,0.913,0.042,0.045
0.6647991915820239,0.912,0.042,0.046
0.6649478390127055,0.911,0.043,0.046
0.674155963570917,0.91,0.044,0.046
0.6743224879510679,0.909,0.045,0.046
0.6760754443598305,0.908,0.046,0.046
0.6785609498360425,0.907,0.046,0.047
0.6829502385509248,0.906,0.046,0.048
0.6887424817808133,0.907,0.045,0.048
0.7094521301203216,0.906,0.046,0.048
0.7263145776670272,0.905,0.046,0.049
0.7339600601558964,0.906,0.045,0.049
0.7605217328554621,0.905,0.045,0.05
0.7664549485476456,0.904,0.045,0.051
0.7704959850738293,0.903,0.046,0.051
0.7758193036322625,0.902,0.047,0.051
0.7919849495840937,0.901,0.048,0.051
0.7949974252653809,0.9,0.048,0.052
0.8112999040940336,0.899,0.048,0.053
0.8138209913100135,0.898,0.049,0.053
0.8248519468944168,0.899,0.048,0.053
0.8290937895256338,0.898,0.049,0.053
0.8608287972502203,0.897,0.05,0.053
0.862381989476871,0.896,0.05,0.054
0.8704218685508632,0.895,0.05,0.055
0.8776336044969264,0.894,0.05,0.056
0.8832405358015872,0.893,0.051,0.056
0.9028859339765266,0.892,0.052,0.056
0.9058087013506682,0.891,0.052,0.057
0.9067655450761737,0.89,0.053,0.057
0.9241111075074969,0.889,0.054,0.057
0.9327571758687223,0.888,0.055,0.057
0.9336577464304505,0.889,0.054,0.057
0.9344486280585248,0.888,0.055,0.057
0.9395273590162009,0.887,0.056,0.057
0.9532136389801769,0.886,0.056,0.058
0.9581345150150611,0.887,0.055,0.058
0.9598510611550055,0.886,0.055,0.059
0.961916760725011,0.885,0.056,0.059
0.9626502085468456,0.884,0.056,0.06
0.9667246706467623,0.883,0.057,0.06
0.9768106549123524,0.882,0.058,0.06
0.9774146820101592,0.881,0.058,0.061
0.9798967434011665,0.88,0.059,0.061
0.9904164037806324,0.879,0.06,0.061
0.9913796260018621,0.878,0.06,0.062
0.9959596917698919,0.877,0.06,0.063
0.9960086665359034,0.876,0.061,0.063
1.003487801409505,0.875,0.061,0.064
1.0122594981581916,0.874,0.061,0.065
1.012282908389981,0.873,0.061,0.066
1.0287027774931439,0.872,0.062,0.066
1.0305668459709945,0.871,0.063,0.066
1.031201627550207,0.87,0.064,0.066
1.040962605380978,0.869,0.065,0.066
1.04433705145548,0.868,0.066,0.066
1.0509026771794046,0.867,0.067,0.066
1.0531711013621763,0.866,0.067,0.067
1.0595872598754064,0.865,0.067,0.068
1.0613514598572829,0.864,0.067,0.069
1.0706713412147255,0.863,0.067,0.07
1.0731092641500843,0.862,0.068,0.07
1.079472490368814,0.861,0.068,0.071
1.085352022572461,0.86,0.068,0.072
1.0853738267416329,0.859,0.068,0.073
1.0884833280683945,0.858,0.069,0.073
1.1350292928843142,0.857,0.069,0.074
1.1426748748652735,0.856,0.07,0.074
1.1453849835603884,0.855,0.071,0.074
1.1487908145217818,0.856,0.07,0.074
1.1581274630618614,0.855,0.071,0.074
1.1607503337996976,0.854,0.072,0.074
1.182197375131003,0.853,0.072,0.075
1.1829635895147612,0.852,0.072,0.076
1.1923446526849748,0.851,0.073,0.076
1.192602681924667,0.85,0.074,0.076
1.206619506213568,0.849,0.075,0.076
1.2119484895636858,0.848,0.075,0.077
1.2328425437453052,0.847,0.076,0.077
1.2329471940179768,0.846,0.076,0.078
1.2394273062122279,0.845,0.077,0.078
1.249309936239714,0.844,0.078,0.078
1.2577180232369891,0.843,0.078,0.079
1.2588348327495735,0.842,0.079,0.079
1.260243411274493,0.841,0.08,0.079
1.276563938669807,0.84,0.081,0.079
1.2807614906588063,0.839,0.082,0.079
1.2838808655118485,0.838,0.083,0.079
1.2932607035444743,0.837,0.083,0.08
1.2959715398357716,0.836,0.084,0.08
1.3033345186235075,0.835,0.084,0.081
1.3061143189684281,0.834,0.084,0.082
1.3096767807481828,0.833,0.084,0.083
1.3160193179220616,0.832,0.085,0.083
1.3232354297715276,0.833,0.085,0.082
1.3288058730716947,0.832,0.086,0.082
1.3492057216570494,0.831,0.087,0.082
1.35138671752132,0.832,0.086,0.082
1.3574878780507822,0.831,0.086,0.083
1.3585814933733458,0.83,0.087,0.083
1.3796236913724056,0.829,0.087,0.084
1.38052903793069,0.828,0.088,0.084
1.3857851553394593,0.827,0.089,0.084
1.3892228748388924,0.826,0.09,0.084
1.4025881062445695,0.825,0.091,0.084
1.4204138766895131,0.824,0.092,0.084
1.4312282437349746,0.823,0.092,0.085
1.4318918694247174,0.822,0.092,0.086
1.4344787821606597,0.821,0.092,0.087
1.4389904481166023,0.82,0.092,0.088
1.4423879897172003,0.819,0.092,0.089
1.4662659181458808,0.818,0.093,0.089
1.4732362868913333,0.817,0.093,0.09
1.476621173343079,0.816,0.093,0.091
1.4772996429575225,0.815,0.093,0.092
1.4783474139830464,0.814,0.094,0.092
1.4851086211834523,0.813,0.095,0.092
1.4911478927635282,0.814,0.094,0.092
1.4941178922299365,0.813,0.095,0.092
1.5036724355081657,0.812,0.096,0.092
1.506133918443587,0.811,0.096,0.093
1.5095324992494292,0.81,0.096,0.094
1.5139329465135183,0.811,0.096,0.093
1.5191824228378936,0.812,0.096,0.092
1.5239538642404058,0.811,0.096,0.093
1.5251124312662947,0.81,0.097,0.093
1.5308012243531308,0.809,0.098,0.093
1.5354848579594835,0.808,0.099,0.093
1.53601991919082,0.809,0.099,0.092
1.5467647476626076,0.808,0.1,0.092
1.5488067025226906,0.807,0.101,0.092
1.556714504492644,0.806,0.102,0.092
1.561607971883927,0.805,0.102,0.093
1.5639062743319467,0.804,0.103,0.093
1.5653585427287282,0.803,0.103,0.094
1.5663621957745737,0.804,0.103,0.093
1.571158543344297,0.803,0.103,0.094
1.5728212077123935,0.802,0.103,0.095
1.5753514158469946,0.801,0.103,0.096
1.5811267510970644,0.8,0.104,0.096
1.5832505773133505,0.799,0.104,0.097
1.5865560508754664,0.798,0.104,0.098
1.588626712654081,0.797,0.104,0.099
1.588753628737983,0.798,0.104,0.098
1.5915978526456476,0.797,0.105,0.098
1.5947688169669436,0.796,0.105,0.099
1.603664322816351,0.795,0.105,0.1
1.611949315850795,0.794,0.105,0.101
1.6158096505972985,0.793,0.106,0.101
1.6258679182227207,0.792,0.106,0.102
1.631037292554123,0.791,0.106,0.103
1.631314788001912,0.79,0.107,0.103
1.640504092371557,0.789,0.107,0.104
1.6485878703943677,0.788,0.108,0.104
1.6543875902125882,0.787,0.109,0.104
1.673444930431864,0.788,0.109,0.103
1.674812069858444,0.787,0.109,0.104
1.677639539149508,0.786,0.11,0.104
1.6813636404762806,0.785,0.111,0.104
1.6820630679084052,0.784,0.112,0.104
1.6854121093641097,0.783,0.113,0.104
1.6881543952461748,0.782,0.114,0.104
1.6986508506858173,0.781,0.115,0.104
1.708585549029328,0.78,0.116,0.104
1.713155931653809,0.779,0.116,0.105
1.723032673945682,0.778,0.116,0.106
1.7256877281106242,0.777,0.117,0.106
1.733497927773427,0.776,0.118,0.106
1.739865338914046,0.775,0.119,0.106
1.7464793592085346,0.774,0.119,0.107
1.7501114374575095,0.773,0.119,0.108
1.75195738077111,0.772,0.119,0.109
1.7638920763729515,0.771,0.119,0.11
1.7662359155200684,0.77,0.119,0.111
1.768820985372997,0.769,0.12,0.111
1.7774771661729443,0.768,0.12,0.112
1.78344744076233,0.767,0.121,0.112
1.806198658038333,0.766,0.121,0.113
1.8141045918954506,0.765,0.121,0.114
1.8145314229026452,0.764,0.121,0.115
1.8167405913748547,0.763,0.121,0.116
1.8197718265555387,0.762,0.121,0.117
1.8235342819857483,0.761,0.121,0.118
1.8348621374063376,0.762,0.12,0.118
1.8376174665135234,0.761,0.121,0.118
1.8441864118347129,0.76,0.121,0.119
1.8501529707206934,0.759,0.122,0.119
1.852583655461752,0.758,0.123,0.119
1.8630787789175431,0.759,0.123,0.118
1.8636134775920914,0.76,0.122,0.118
1.877187191797875,0.759,0.122,0.119
1.8835990574335995,0.758,0.123,0.119
1.889898813824928,0.757,0.124,0.119
1.8922273615362715,0.758,0.123,0.119
1.8928634305549767,0.757,0.124,0.119
1.8943000580102618,0.758,0.123,0.119
1.8951136973247804,0.757,0.124,0.119
1.8983025300232004,0.756,0.125,0.119
1.901709309585942,0.755,0.126,0.119
1.9043504415664385,0.754,0.126,0.12
1.905463980234428,0.753,0.126,0.121
1.9069923688151211,0.752,0.126,0.122
1.909886640593599,0.751,0.126,0.123
1.9132728687090883,0.75,0.126,0.124
1.9163444870949404,0.749,0.127,0.124
1.9165540861476322,0.748,0.127,0.125
1.9196758044930542,0.747,0.128,0.125
1.928330465917676,0.746,0.129,0.125
1.9353647929895041,0.747,0.128,0.125
1.9416056925037928,0.746,0.128,0.126
1.941961514206237,0.745,0.128,0.127
1.94499548858223,0.744,0.129,0.127
1.9529026827225304,0.743,0.129,0.128
1.9595556984985298,0.742,0.129,0.129
1.9600131312267957,0.741,0.129,0.13
1.9663255423966592,0.742,0.128,0.13
1.9762353434463311,0.741,0.129,0.13
1.9815218881886971,0.74,0.13,0.13
1.9969432862111458,0.739,0.13,0.131
2.02453719678512,0.738,0.13,0.132
2.025438274590299,0.737,0.13,0.133
2.035173633146042,0.736,0.13,0.134
2.038488361099585,0.735,0.131,0.134
2.043940792144979,0.734,0.131,0.135
2.049768209652426,0.733,0.132,0.135
2.0502494903152018,0.732,0.133,0.135
2.075591945894945,0.731,0.134,0.135
2.0772346746142123,0.73,0.135,0.135
2.0793033731576034,0.731,0.135,0.134
2.0856483418815426,0.73,0.136,0.134
2.0870095459183937,0.729,0.137,0.134
2.0876588991260525,0.728,0.137,0.135
2.0961081997878845,0.727,0.137,0.136
2.106476733940449,0.726,0.137,0.137
2.11010603833596,0.725,0.137,0.138
2.1147761239477303,0.724,0.138,0.138
2.116842376692344,0.723,0.139,0.138
2.1220530528626473,0.722,0.14,0.138
2.1278074453824543,0.721,0.141,0.138
2.1382148433568546,0.72,0.141,0.139
2.1407056030697684,0.719,0.141,0.14
2.150928134516518,0.718,0.141,0.141
2.173712794062122,0.717,0.141,0.142
2.173904902359704,0.716,0.141,0.143
2.177242216114369,0.715,0.142,0.143
2.17847809248846,0.716,0.142,0.142
2.1847750138354476,0.715,0.143,0.142
2.1930270105228846,0.716,0.142,0.142
2.19440031588778,0.715,0.143,0.142
2.2018353758386153,0.714,0.143,0.143
2.2022509244351953,0.713,0.144,0.143
2.2129403049792633,0.712,0.144,0.144
2.214899353290862,0.711,0.145,0.144
2.2155131861138018,0.71,0.145,0.145
2.2171276360792183,0.709,0.146,0.145
2.2210365388499294,0.708,0.147,0.145
2.2312080186817074,0.709,0.147,0.144
2.235095948308539,0.71,0.146,0.144
2.239077580965373,0.709,0.146,0.145
2.240974359478934,0.71,0.145,0.145
2.244976111839467,0.709,0.145,0.146
2.2450314011651185,0.708,0.145,0.147
2.2591499510917328,0.707,0.145,0.148
2.2618516833836058,0.706,0.145,0.149
2.271912763185452,0.705,0.145,0.15
2.272931178583413,0.704,0.146,0.15
2.276916514582999,0.705,0.146,0.149
2.277907945460571,0.704,0.146,0.15
2.2794068677168307,0.703,0.147,0.15
2.279723920831734,0.704,0.146,0.15
2.2964547726307454,0.703,0.146,0.151
2.298443166061893,0.702,0.147,0.151
2.3007294600547983,0.701,0.147,0.152
2.3013030946972335,0.702,0.147,0.151
2.3022024389156313,0.701,0.148,0.151
2.3052072278804894,0.7,0.148,0.152
2.3080269878147557,0.701,0.147,0.152
2.309797994130987,0.7,0.147,0.153
2.3120153978159985,0.699,0.147,0.154
2.314110016045702,0.698,0.148,0.154
2.315011049784672,0.697,0.148,0.155
2.334910658377405,0.696,0.148,0.156
2.3374645326813734,0.695,0.148,0.157
2.3409843066573557,0.694,0.149,0.157
2.34327630703714,0.693,0.149,0.158
2.3464187755142905,0.692,0.15,0.158
2.3501090254489707,0.691,0.151,0.158
2.3505497720189816,0.692,0.151,0.157
2.353617170919674,0.693,0.151,0.156
2.3638739375763342,0.692,0.151,0.157
2.366793149215907,0.691,0.152,0.157
2.368360471930817,0.69,0.153,0.157
2.371963173621786,0.689,0.154,0.157
2.379789304471453,0.688,0.154,0.158
2.385692323922671,0.687,0.154,0.159
2.3864081629644858,0.686,0.154,0.16
2.387312760125091,0.687,0.154,0.159
2.387376661924091,0.686,0.154,0.16
2.397923039428391,0.685,0.155,0.16
2.3981174531055247,0.684,0.155,0.161
2.426261694824247,0.683,0.156,0.161
2.42669307708389,0.682,0.157,0.161
2.4292240595042918,0.681,0.157,0.162
2.4301188953777073,0.68,0.158,0.162
2.4415838687035833,0.679,0.159,0.162
2.4427457212275576,0.678,0.16,0.162
2.452747805503153,0.677,0.16,0.163
2.460907879875564,0.676,0.161,0.163
2.472475869305886,0.675,0.161,0.164
2.4744380306881566,0.674,0.161,0.165
2.4803805656081557,0.675,0.16,0.165
2.4814177063932177,0.674,0.16,0.166
2.483885672417947,0.673,0.16,0.167
2.485050808504103,0.672,0.16,0.168
2.4884762111647,0.671,0.16,0.169
2.4998973563198224,0.67,0.16,0.17
2.507152933789046,0.669,0.16,0.171
2.5092623631527866,0.668,0.161,0.171
2.520623306352938,0.667,0.162,0.171
2.5266724465166015,0.666,0.162,0.172
2.5314595383135985,0.665,0.162,0.173
2.5330181774476452,0.664,0.163,0.173
2.5413556654145166,0.663,0.164,0.173
2.5418614333122598,0.662,0.164,0.174
2.543947901383653,0.661,0.165,0.174
2.547195142410852,0.66,0.165,0.175
2.5516098506255798,0.659,0.166,0.175
2.5552457616318174,0.658,0.166,0.176
2.555977653419823,0.657,0.166,0.177
2.5645431182084146,0.656,0.166,0.178
2.5680806539164123,0.655,0.166,0.179
2.573132402449122,0.654,0.166,0.18
2.5881877154570114,0.653,0.166,0.181
2.594629820221765,0.652,0.166,0.182
2.59518903020463,0.651,0.166,0.183
2.600198039137638,0.65,0.167,0.183
2.6033940414399295,0.649,0.167,0.184
2.603665130122089,0.65,0.167,0.183
2.608840545416546,0.649,0.168,0.183
2.6090508991828543,0.648,0.169,0.183
2.6118885514344554,0.649,0.169,0.182
2.6188542767605205,0.648,0.169,0.183
2.624967297406069,0.647,0.169,0.184
2.6312760002473796,0.646,0.17,0.184
2.6540764890864224,0.645,0.171,0.184
2.655524347867807,0.644,0.172,0.184
2.6585475759673374,0.643,0.173,0.184
2.661391321977427,0.642,0.174,0.184
2.664188647686396,0.641,0.175,0.184
2.6658529476384545,0.642,0.175,0.183
2.6797548039361736,0.641,0.176,0.183
2.680864668790462,0.64,0.177,0.183
2.6892675151869443,0.639,0.177,0.184
2.695341092600427,0.638,0.178,0.184
2.695908584317577,0.637,0.179,0.184
2.709387716144858,0.636,0.18,0.184
2.7124663250078074,0.637,0.179,0.184
2.717050168044225,0.638,0.178,0.184
2.7219190140102723,0.637,0.179,0.184
2.7248367985534787,0.636,0.179,0.185
2.7270520489213657,0.635,0.18,0.185
2.7288695985956677,0.634,0.181,0.185
2.729356247550052,0.633,0.181,0.186
2.730975083035217,0.632,0.181,0.187
2.7389678226478886,0.631,0.182,0.187
2.7462501488334925,0.63,0.183,0.187
2.746637652249481,0.629,0.183,0.188
2.7531398446568254,0.628,0.183,0.189
2.754037944432122,0.627,0.183,0.19
2.764997819499515,0.626,0.184,0.19
2.7683338647027096,0.625,0.184,0.191
2.7757949734337837,0.624,0.184,0.192
2.7776907439319762,0.623,0.184,0.193
2.79268275115023,0.622,0.185,0.193
2.796872497519485,0.621,0.186,0.193
2.797867719722493,0.62,0.186,0.194
2.8019652868961127,0.619,0.186,0.195
2.8077136630707917,0.618,0.186,0.196
2.8119957404825673,0.617,0.187,0.196
2.8146618841580344,0.616,0.187,0.197
2.817494131657636,0.617,0.186,0.197
2.8307953175315625,0.616,0.187,0.197
2.836606194924963,0.617,0.187,0.196
2.840168834591418,0.616,0.188,0.196
2.8419016055619304,0.615,0.188,0.197
2.842768236123477,0.614,0.188,0.198
2.848506495876487,0.613,0.189,0.198
2.8512578832424853,0.612,0.19,0.198
2.85385617595676,0.611,0.19,0.199
2.8567431393658604,0.61,0.19,0.2
2.857711838733342,0.609,0.191,0.2
2.8705492220633464,0.608,0.192,0.2
2.8705948948755196,0.607,0.193,0.2
2.874010989308282,0.608,0.193,0.199
2.8826417924431307,0.607,0.194,0.199
2.8828529723763077,0.606,0.195,0.199
2.8847535386443974,0.605,0.196,0.199
2.8880926428634353,0.604,0.197,0.199
2.8907594561013097,0.603,0.198,0.199
2.894024667974759,0.604,0.198,0.198
2.8970097040818845,0.603,0.199,0.198
2.8997679321250516,0.604,0.199,0.197
2.904114888508792,0.603,0.2,0.197
2.906411968330267,0.602,0.2,0.198
2.9139480529056803,0.601,0.201,0.198
2.9319507580126434,0.6,0.202,0.198
2.9326451140905228,0.599,0.203,0.198
2.9441802893910918,0.598,0.204,0.198
2.946620697993655,0.597,0.204,0.199
2.9510365647528847,0.598,0.203,0.199
2.9555331841103123,0.597,0.203,0.2
2.9594037088690985,0.596,0.203,0.201
2.960865210588788,0.595,0.204,0.201
2.9629219027716256,0.594,0.204,0.202
2.9639807345052063,0.593,0.204,0.203
2.9789142003632234,0.592,0.204,0.204
2.980600474432855,0.593,0.204,0.203
2.991200879314162,0.592,0.204,0.204
2.9924506277125187,0.591,0.205,0.204
3.006817967179265,0.59,0.205,0.205
3.0149014923711652,0.591,0.205,0.204
3.0284188977850417,0.592,0.205,0.203
3.0285518268052005,0.591,0.205,0.204
3.03358888910554,0.59,0.206,0.204
3.0346660697762724,0.589,0.206,0.205
3.037901772849014,0.588,0.207,0.205
3.042691323107876,0.587,0.207,0.206
3.043918340354761,0.586,0.207,0.207
3.049064944337566,0.585,0.207,0.208
3.04971180176097,0.584,0.208,0.208
3.052508730543097,0.583,0.209,0.208
3.053625040097031,0.582,0.209,0.209
3.053659090643794,0.581,0.21,0.209
3.064209980682683,0.582,0.209,0.209
3.0651272158276512,0.581,0.209,0.21
3.0946437568456155,0.58,0.209,0.211
3.09567223146483,0.579,0.21,0.211
3.0965513751962037,0.578,0.21,0.212
3.1038997849348813,0.577,0.21,0.213
3.1128720512904207,0.576,0.211,0.213
3.117557336263599,0.575,0.211,0.214
3.1312695617676773,0.574,0.211,0.215
3.1358515050088522,0.575,0.21,0.215
3.139990694179297,0.574,0.211,0.215
3.1430587975465434,0.573,0.211,0.216
3.1575692504986086,0.572,0.212,0.216
3.16364741394748,0.573,0.212,0.215
3.168337449404063,0.574,0.212,0.214
3.1693201488064724,0.573,0.212,0.215
3.1701571178742656,0.574,0.212,0.214
3.17356369177142,0.573,0.213,0.214
3.17719091016029,0.572,0.213,0.215
3.1796411671863054,0.571,0.214,0.215
3.1857554639905485,0.57,0.215,0.215
3.1883242657819935,0.569,0.215,0.216
3.20139588848739,0.57,0.215,0.215
3.2042737489582995,0.569,0.216,0.215
3.2084422146369174,0.57,0.215,0.215
3.2158004531586504,0.571,0.214,0.215
3.2249442636057966,0.57,0.215,0.215
3.233170126861724,0.571,0.214,0.215
3.2348649971879633,0.57,0.215,0.215
3.235351566393957,0.569,0.215,0.216
3.2370594283458294,0.568,0.215,0.217
3.2432927613663396,0.569,0.214,0.217
3.247011095335232,0.568,0.214,0.218
3.2509237203160524,0.567,0.214,0.219
3.2540732738757763,0.566,0.214,0.22
3.2702765298387484,0.565,0.215,0.22
3.272841585088601,0.566,0.214,0.22
3.281565988857212,0.567,0.214,0.219
3.291853190634715,0.566,0.214,0.22
3.2920561650328164,0.565,0.215,0.22
3.294214541531104,0.566,0.214,0.22
3.2954406430170926,0.565,0.214,0.221
3.30007016565429,0.566,0.213,0.221
3.301198055765076,0.565,0.214,0.221
3.3069884771585154,0.564,0.214,0.222
3.3104427898075732,0.563,0.214,0.223
3.313728865159416,0.562,0.215,0.223
3.317667794986409,0.561,0.216,0.223
3.321223268980508,0.562,0.216,0.222
3.328353867284302,0.561,0.217,0.222
3.3306367829643926,0.56,0.217,0.223
3.331049571769991,0.559,0.217,0.224
3.3328701835608032,0.558,0.217,0.225
3.33583833621434,0.557,0.218,0.225
3.3405334331835363,0.556,0.218,0.226
3.3426840199908225,0.555,0.219,0.226
3.3436503293737694,0.554,0.22,0.226
3.350991571341499,0.553,0.221,0.226
3.355777852794779,0.552,0.221,0.227
3.3636436791679096,0.551,0.221,0.228
3.369284921656769,0.55,0.221,0.229
3.3742989144284254,0.549,0.221,0.23
3.377260251069626,0.548,0.222,0.23
3.3874329569750237,0.547,0.223,0.23
3.389093918931877,0.546,0.224,0.23
3.406085799596335,0.545,0.224,0.231
3.4126672642554734,0.544,0.225,0.231
3.4205741246839922,0.543,0.225,0.232
3.427529598528105,0.542,0.226,0.232
3.4411141966144956,0.543,0.225,0.232
3.4459941466513775,0.544,0.224,0.232
3.4550940140146706,0.543,0.224,0.233
3.456587933252035,0.544,0.223,0.233
3.4589096494659324,0.543,0.224,0.233
3.462799543426639,0.542,0.224,0.234
3.4664106003992585,0.541,0.225,0.234
3.4686342817412017,0.54,0.225,0.235
3.4730298683321315,0.541,0.224,0.235
3.4747682864957676,0.54,0.224,0.236
3.4841354831842426,0.541,0.223,0.236
3.4865245872863655,0.542,0.222,0.236
3.4909775481751275,0.543,0.221,0.236
3.4980891505025373,0.542,0.221,0.237
3.5002443030049917,0.541,0.221,0.238
3.5234870723653207,0.54,0.221,0.239
3.525856398771916,0.539,0.221,0.24
3.526367229616553,0.54,0.221,0.239
3.52713413816016,0.541,0.22,0.239
3.5368836537795327,0.54,0.221,0.239
3.537354075993076,0.539,0.221,0.24
3.547765368765048,0.538,0.222,0.24
3.547881506358894,0.539,0.222,0.239
3.550282266992311,0.538,0.223,0.239
3.555263681995191,0.539,0.222,0.239
3.5569800524310518,0.538,0.222,0.24
3.557399940137881,0.537,0.223,0.24
3.5619533927524336,0.538,0.222,0.24
3.569122990609106,0.537,0.222,0.241
3.569499673723158,0.536,0.222,0.242
3.580681890857676,0.535,0.223,0.242
3.5813298036499144,0.534,0.223,0.243
3.5866590118084094,0.533,0.223,0.244
3.5993146683877835,0.534,0.222,0.244
3.6076766373068057,0.533,0.222,0.245
3.6092893158232453,0.534,0.222,0.244
3.6127727546831734,0.533,0.223,0.244
3.6180421945573804,0.532,0.224,0.244
3.6212307183785866,0.531,0.225,0.244
3.628183014577613,0.53,0.225,0.245
3.6325521450192095,0.529,0.226,0.245
3.6395347059769514,0.53,0.226,0.244
3.6464414314237104,0.529,0.227,0.244
3.646862857659006,0.53,0.227,0.243
3.650652932657002,0.531,0.226,0.243
3.6548524687206543,0.53,0.226,0.244
3.6622282479422843,0.529,0.226,0.245
3.672615796525592,0.528,0.227,0.245
3.6743895235137747,0.527,0.227,0.246
3.686218328963844,0.526,0.227,0.247
3.688701589412379,0.525,0.228,0.247
3.698064994962685,0.524,0.228,0.248
3.699164979322687,0.523,0.229,0.248
3.7128173836549023,0.522,0.229,0.249
3.71370192858853,0.521,0.229,0.25
3.7161047282492405,0.522,0.229,0.249
3.723499370045111,0.523,0.229,0.248
3.724369070138817,0.522,0.23,0.248
3.7264718983565244,0.523,0.23,0.247
3.727005848177278,0.522,0.231,0.247
3.731514565290193,0.521,0.232,0.247
3.739849955499531,0.52,0.233,0.247
3.757872534358573,0.521,0.232,0.247
3.7621912383286418,0.52,0.232,0.248
3.764007235191297,0.519,0.232,0.249
3.76670478368445,0.52,0.232,0.248
3.767190439343307,0.519,0.233,0.248
3.7695635176459383,0.518,0.234,0.248
3.7772930767421498,0.517,0.234,0.249
3.7782853427246113,0.516,0.234,0.25
3.7896179183350736,0.515,0.234,0.251
3.7953420412612027,0.516,0.233,0.251
3.800611357801218,0.515,0.234,0.251
3.8060280128160793,0.516,0.233,0.251
3.809568119081971,0.515,0.234,0.251
3.8099929459659734,0.514,0.234,0.252
3.8174322701019885,0.513,0.234,0.253
3.820611156787294,0.512,0.235,0.253
3.821868011561371,0.513,0.235,0.252
3.8239619011249286,0.512,0.236,0.252
3.8254821320218806,0.511,0.236,0.253
3.8314654124431207,0.512,0.236,0.252
3.8329827611788327,0.513,0.235,0.252
3.83407203897829,0.514,0.234,0.252
3.838419602833498,0.513,0.234,0.253
3.8386000805807354,0.514,0.234,0.252
3.8476215305069,0.513,0.234,0.253
3.848585504794407,0.512,0.235,0.253
3.85121312214267,0.511,0.236,0.253
3.855105248815794,0.51,0.237,0.253
3.8650916408599394,0.509,0.238,0.253
3.874699028152764,0.51,0.238,0.252
3.8747707105954805,0.509,0.239,0.252
3.875156913706734,0.508,0.24,0.252
3.8763428228238195,0.507,0.241,0.252
3.8769604907013595,0.506,0.242,0.252
3.8827835636073047,0.505,0.242,0.253
3.904430582799648,0.504,0.243,0.253
3.908148796679353,0.503,0.244,0.253
3.914822314533545,0.502,0.244,0.254
3.9203431271610762,0.501,0.245,0.254
3.9225521062716284,0.5,0.245,0.255
3.9288356162235876,0.501,0.244,0.255
3.9413028742741822,0.5,0.244,0.256
3.946190560419276,0.499,0.244,0.257
3.960569791393739,0.498,0.244,0.258
3.964451869848554,0.497,0.244,0.259
3.9734597296021974,0.496,0.244,0.26
3.9787428005992145,0.495,0.244,0.261
3.9841864186988674,0.496,0.243,0.261
3.999491744909233,0.495,0.244,0.261
4.00545287481833,0.494,0.245,0.261
4.005942812911062,0.495,0.244,0.261
4.019373295778546,0.494,0.245,0.261
4.035374961497017,0.495,0.245,0.26
4.042965027561696,0.494,0.245,0.261
4.04498573936166,0.493,0.246,0.261
4.0519318790177055,0.492,0.247,0.261
4.071184869333921,0.491,0.247,0.262
4.073516834245755,0.49,0.248,0.262
4.074638110845481,0.489,0.248,0.263
4.080997558616027,0.488,0.249,0.263
4.085993081403773,0.487,0.249,0.264
4.095413520424756,0.486,0.249,0.265
4.0976325633349955,0.487,0.248,0.265
4.109208323955445,0.486,0.249,0.265
4.109383632302372,0.485,0.25,0.265
4.109841464464756,0.486,0.25,0.264
4.113926986092597,0.485,0.251,0.264
4.114714290576924,0.484,0.252,0.264
4.116747562920164,0.483,0.253,0.264
4.124705058856271,0.484,0.252,0.264
4.124853647108628,0.483,0.252,0.265
4.125137360405954,0.482,0.253,0.265
4.125841614780553,0.481,0.254,0.265
4.1265117450698705,0.482,0.253,0.265
4.128405784794273,0.481,0.254,0.265
4.138514089871876,0.48,0.254,0.266
4.141049403464214,0.481,0.253,0.266
4.150148083638473,0.48,0.254,0.266
4.151797278036304,0.479,0.254,0.267
4.157490110483174,0.478,0.254,0.268
4.171319466722721,0.477,0.254,0.269
4.182729674266449,0.478,0.253,0.269
4.184666806267127,0.477,0.253,0.27
4.18520135562491,0.478,0.253,0.269
4.1861022731715405,0.479,0.252,0.269
4.188643247991005,0.478,0.253,0.269
4.198109807951189,0.479,0.252,0.269
4.199838512979274,0.478,0.252,0.27
4.208657694953098,0.479,0.251,0.27
4.214030103523947,0.48,0.251,0.269
4.215786713392227,0.479,0.252,0.269
4.2159270390674,0.478,0.252,0.27
4.221548408105788,0.477,0.252,0.271
4.2278716579769124,0.476,0.253,0.271
4.227981569877807,0.477,0.252,0.271
4.229842718571141,0.476,0.253,0.271
4.234372623393678,0.477,0.253,0.27
4.237632489754099,0.478,0.252,0.27
4.238438668631825,0.477,0.253,0.27
4.242917328172173,0.476,0.253,0.271
4.2440267144402215,0.477,0.253,0.27
4.244255142738514,0.476,0.254,0.27
4.245283632969001,0.475,0.254,0.271
4.254531460906875,0.476,0.254,0.27
4.2553915113432526,0.475,0.254,0.271
4.259804369489083,0.474,0.255,0.271
4.260633623850583,0.473,0.256,0.271
4.2624116015719204,0.474,0.256,0.27
4.263157462864463,0.473,0.257,0.27
4.294582094768267,0.472,0.258,0.27
4.295083078406116,0.471,0.259,0.27
4.29852213131464,0.47,0.259,0.271
4.299508620827953,0.469,0.259,0.272
4.306244353555792,0.468,0.26,0.272
4.3070189011250095,0.467,0.261,0.272
4.310588143937091,0.466,0.261,0.273
4.3152003903616265,0.465,0.262,0.273
4.317566312833487,0.464,0.263,0.273
4.319286778697213,0.463,0.264,0.273
4.323774754636922,0.462,0.265,0.273
4.32566474974943,0.461,0.266,0.273
4.330741266428497,0.46,0.266,0.274
4.331730987982301,0.459,0.267,0.274
4.332995723089646,0.46,0.266,0.274
4.334583455075514,0.461,0.265,0.274
4.334766897980721,0.46,0.265,0.275
4.339074589816672,0.459,0.266,0.275
4.341249384606143,0.46,0.265,0.275
4.34723905952261,0.459,0.266,0.275
4.355246221304854,0.46,0.266,0.274
4.366697390362081,0.461,0.265,0.274
4.37265241939465,0.46,0.265,0.275
4.382186651756323,0.459,0.265,0.276
4.385839583973225,0.458,0.266,0.276
4.4092597266103,0.459,0.266,0.275
4.412007014119006,0.46,0.266,0.274
4.417562724805199,0.459,0.266,0.275
4.420202427579075,0.46,0.265,0.275
4.421411953789589,0.461,0.264,0.275
4.4235849823812075,0.462,0.263,0.275
4.425399854246438,0.461,0.264,0.275
4.427582448904807,0.46,0.265,0.275
4.428997033009938,0.461,0.264,0.275
4.4295994822354,0.462,0.263,0.275
4.434319258901357,0.461,0.263,0.276
4.439348158177164,0.46,0.264,0.276
4.441574250669217,0.461,0.263,0.276
4.447386643083939,0.46,0.264,0.276
4.457876386104327,0.461,0.263,0.276
4.45847268765403,0.462,0.262,0.276
4.466108083023523,0.463,0.261,0.276
4.472665254323782,0.462,0.261,0.277
4.479036475488989,0.463,0.26,0.277
4.482242260209058,0.462,0.261,0.277
4.482358391572654,0.463,0.261,0.276
4.483368746756565,0.462,0.261,0.277
4.483897644825809,0.461,0.262,0.277
4.487851721850983,0.46,0.262,0.278
4.491238558971386,0.459,0.262,0.279
4.491364304837953,0.46,0.262,0.278
4.498147666506552,0.459,0.262,0.279
4.501541722150935,0.46,0.262,0.278
4.50210354227878,0.461,0.261,0.278
4.505317307797615,0.462,0.261,0.277
4.510911553920955,0.461,0.262,0.277
4.512195011436344,0.462,0.261,0.277
4.512265033152201,0.461,0.262,0.277
4.51376696859338,0.46,0.263,0.277
4.521443436247765,0.461,0.263,0.276
4.52459114397758,0.462,0.262,0.276
4.526541500633081,0.461,0.262,0.277
4.53709724560331,0.46,0.262,0.278
4.5405027198591625,0.461,0.262,0.277
4.551468417915797,0.46,0.263,0.277
4.553792503737172,0.459,0.264,0.277
4.556287586159501,0.458,0.265,0.277
4.562007832536119,0.459,0.265,0.276
4.565472801350662,0.458,0.266,0.276
4.5680876836928395,0.457,0.267,0.276
4.570227045964905,0.458,0.267,0.275
4.572610376013342,0.459,0.266,0.275
4.573146848803619,0.458,0.266,0.276
4.578091336870766,0.457,0.266,0.277
4.581716744697739,0.456,0.266,0.278
4.583437704943808,0.457,0.265,0.278
4.595661240805954,0.458,0.265,0.277
4.599299197176493,0.457,0.266,0.277
4.60764693632906,0.458,0.266,0.276
4.6086314114201485,0.457,0.267,0.276
4.613418037613447,0.456,0.268,0.276
4.616167672104581,0.455,0.268,0.277
4.626111412186928,0.454,0.268,0.278
4.6331071258453385,0.453,0.269,0.278
4.649295896814567,0.452,0.269,0.279
4.662972935110339,0.451,0.27,0.279
4.664208139872615,0.45,0.271,0.279
4.667448594727945,0.449,0.271,0.28
4.674628789911014,0.448,0.271,0.281
4.68031820983031,0.447,0.271,0.282
4.683198500220451,0.446,0.271,0.283
4.6838239580638765,0.447,0.27,0.283
4.6851274102056095,0.448,0.27,0.282
4.686706349834208,0.447,0.271,0.282
4.696334024029953,0.446,0.271,0.283
4.697412405724043,0.445,0.271,0.284
4.703363593872579,0.444,0.272,0.284
4.7076323020005555,0.445,0.272,0.283
4.720145689759541,0.446,0.271,0.283
4.725929872424311,0.445,0.272,0.283
4.740241014309146,0.444,0.272,0.284
4.7406602536994935,0.445,0.271,0.284
4.743221740976764,0.444,0.272,0.284
4.744577623499832,0.443,0.272,0.285
4.7485042359137495,0.442,0.273,0.285
4.7532593698291805,0.441,0.273,0.286
4.753523391778537,0.44,0.274,0.286
4.7565977472502805,0.441,0.273,0.286
4.7616363273953635,0.44,0.273,0.287
4.762457702871519,0.439,0.273,0.288
4.774242123104117,0.438,0.273,0.289
4.781604555605821,0.437,0.274,0.289
4.789083907451076,0.436,0.274,0.29
4.7951698292270795,0.435,0.274,0.291
4.795887579108282,0.434,0.275,0.291
4.807339543018132,0.433,0.276,0.291
4.812897833247867,0.432,0.277,0.291
4.8164969864085485,0.431,0.278,0.291
4.816938965168602,0.43,0.278,0.292
4.818080845231016,0.429,0.279,0.292
4.8221776170785535,0.43,0.279,0.291
4.82307971659623,0.429,0.28,0.291
4.831544296735097,0.428,0.28,0.292
4.837737183062521,0.427,0.28,0.293
4.841412785092307,0.426,0.281,0.293
4.84523770325556,0.425,0.282,0.293
4.847509795641942,0.424,0.283,0.293
4.84861728578252,0.425,0.282,0.293
4.851989320300843,0.426,0.281,0.293
4.85617803233863,0.425,0.281,0.294
4.8565875545062545,0.424,0.281,0.295
4.859737122771007,0.423,0.282,0.295
4.870121108521399,0.424,0.281,0.295
4.873444733929928,0.423,0.282,0.295
4.873864823322915,0.422,0.283,0.295
4.878533038114913,0.421,0.284,0.295
4.8808640151878775,0.42,0.284,0.296
4.8868347150769695,0.419,0.285,0.296
4.887877133204173,0.42,0.284,0.296
4.892073320213116,0.419,0.284,0.297
4.9100061696052695,0.418,0.285,0.297
4.9123406873163695,0.417,0.286,0.297
4.920922256622216,0.418,0.286,0.296
4.923152845352394,0.417,0.286,0.297
4.926914449852439,0.418,0.285,0.297
4.937250177265301,0.419,0.285,0.296
4.943470488349705,0.418,0.286,0.296
4.944784426968681,0.417,0.286,0.297
4.945707580182107,0.418,0.285,0.297
4.950004407124966,0.417,0.286,0.297
4.951246303827494,0.416,0.286,0.298
4.960133951104664,0.415,0.287,0.298
4.963757636659171,0.416,0.286,0.298
4.968569898206311,0.415,0.286,0.299
4.968692375538391,0.416,0.286,0.298
4.970845067993507,0.417,0.285,0.298
4.973390429982175,0.418,0.285,0.297
4.97587867089723,0.417,0.285,0.298
4.975995672031548,0.418,0.285,0.297
4.980571348675167,0.419,0.285,0.296
4.983067705186464,0.42,0.284,0.296
4.983351353194209,0.419,0.284,0.297
4.985671002535315,0.418,0.284,0.298
4.991966491602146,0.417,0.285,0.298
5.000015925902224,0.416,0.285,0.299
5.004562457459683,0.417,0.284,0.299
5.004594720050782,0.418,0.283,0.299
5.007591721240309,0.419,0.282,0.299
5.018078118675834,0.418,0.283,0.299
5.018843117553882,0.419,0.282,0.299
5.0201946098810275,0.42,0.282,0.298
5.023489143855103,0.419,0.283,0.298
5.027251167301014,0.418,0.283,0.299
5.028951918089917,0.419,0.282,0.299
5.0302175225867005,0.42,0.281,0.299
5.05018752173984,0.421,0.28,0.299
5.0515948928635055,0.42,0.28,0.3
5.055247305476306,0.421,0.279,0.3
5.055253392346941,0.42,0.279,0.301
5.059572466907771,0.421,0.278,0.301
5.061749598583492,0.422,0.278,0.3
5.062634753689626,0.423,0.277,0.3
5.063034035087504,0.424,0.276,0.3
5.063514894919283,0.423,0.277,0.3
5.068315334992176,0.422,0.277,0.301
5.069409975186596,0.421,0.277,0.302
5.070434703932072,0.422,0.276,0.302
5.073556489525889,0.423,0.275,0.302
5.076271879236729,0.424,0.275,0.301
5.0767820728449085,0.425,0.274,0.301
5.076861634351095,0.426,0.273,0.301
5.0780597420460545,0.427,0.272,0.301
5.07871013894071,0.426,0.273,0.301
5.07905583613256,0.427,0.272,0.301
5.080885531501247,0.428,0.271,0.301
5.081537240093954,0.427,0.271,0.302
5.0834711352859525,0.428,0.27,0.302
5.088964138085696,0.429,0.269,0.302
5.0905474045934005,0.428,0.269,0.303
5.093004345897865,0.429,0.268,0.303
5.099507274680049,0.428,0.269,0.303
5.099754277064922,0.427,0.269,0.304
5.099754998665557,0.428,0.268,0.304
5.099915942186039,0.429,0.267,0.304
5.101867725311869,0.43,0.266,0.304
5.103397946573833,0.431,0.265,0.304
5.1093688012567124,0.432,0.264,0.304
5.110595142802145,0.431,0.264,0.305
5.111813837514037,0.432,0.263,0.305
5.112435740899672,0.433,0.262,0.305
5.112952654626599,0.434,0.261,0.305
5.1138237797967925,0.433,0.262,0.305
5.114346900340945,0.434,0.261,0.305
5.1146613230323,0.435,0.26,0.305
5.115696475463232,0.434,0.261,0.305
5.117020233130035,0.433,0.262,0.305
5.117568375571533,0.434,0.261,0.305
5.120222294535767,0.433,0.261,0.306
5.120987076090945,0.432,0.261,0.307
5.123146267965409,0.433,0.26,0.307
5.126265847447575,0.434,0.259,0.307
5.127834703173227,0.435,0.258,0.307
5.131267146940214,0.434,0.258,0.308
5.131772489623621,0.435,0.257,0.308
5.132148437297183,0.436,0.256,0.308
5.13360382309102,0.437,0.255,0.308
5.136016371804216,0.438,0.254,0.308
5.136339281708173,0.439,0.254,0.307
5.141373506197459,0.44,0.253,0.307
5.14290965888546,0.441,0.252,0.307
5.145132300884088,0.44,0.253,0.307
5.146925643366851,0.441,0.252,0.307
5.149903286009314,0.442,0.252,0.306
5.152047282899804,0.443,0.251,0.306
5.155569490808289,0.444,0.25,0.306
5.157172347560539,0.445,0.25,0.305
5.166991483132738,0.446,0.25,0.304
5.167935740968677,0.447,0.249,0.304
5.168168850192848,0.446,0.25,0.304
5.172217029806445,0.447,0.249,0.304
5.174938790584033,0.448,0.248,0.304
5.177854187831041,0.449,0.247,0.304
5.177863344655498,0.45,0.246,0.304
5.178718594796485,0.451,0.246,0.303
5.179733141658443,0.45,0.247,0.303
5.1868785742728685,0.451,0.246,0.303
5.189095192015619,0.452,0.245,0.303
5.1904268460700544,0.453,0.244,0.303
5.195592172760858,0.452,0.245,0.303
5.1964522054179385,0.453,0.244,0.303
5.203134103625316,0.454,0.243,0.303
5.205122101504683,0.453,0.244,0.303
5.205130931315802,0.454,0.244,0.302
5.205964455893529,0.453,0.244,0.303
5.212010316159045,0.454,0.243,0.303
5.215904536123213,0.453,0.243,0.304
5.216199273270625,0.454,0.242,0.304
5.2177799237797124,0.455,0.241,0.304
5.223094161812442,0.454,0.242,0.304
5.2285345417516815,0.453,0.243,0.304
5.231948910343958,0.452,0.244,0.304
5.23255942384157,0.453,0.243,0.304
5.23544250836556,0.454,0.242,0.304
5.236863392125124,0.453,0.243,0.304
5.2374278904967815,0.454,0.242,0.304
5.239887556781218,0.455,0.241,0.304
5.241694400950935,0.456,0.241,0.303
5.245095468637128,0.455,0.241,0.304
5.246678678091781,0.456,0.24,0.304
5.2556472707081126,0.457,0.239,0.304
5.256323727999849,0.458,0.238,0.304
5.25661582870936,0.459,0.237,0.304
5.260576869410864,0.46,0.236,0.304
5.262808482627183,0.461,0.235,0.304
5.264324958412113,0.462,0.234,0.304
5.265610526096357,0.461,0.235,0.304
5.266561764105425,0.462,0.234,0.304
5.266915267258986,0.463,0.233,0.304
5.269345803600703,0.464,0.232,0.304
5.278156068758561,0.465,0.231,0.304
5.283833819579668,0.466,0.23,0.304
5.288335209963479,0.467,0.229,0.304
5.289546877492459,0.468,0.228,0.304
5.297736661053364,0.469,0.227,0.304
5.304634651428863,0.468,0.227,0.305
5.305577286334993,0.467,0.227,0.306
5.313119197960512,0.466,0.227,0.307
5.315742347847251,0.467,0.227,0.306
5.321571515845141,0.468,0.226,0.306
5.339443205837761,0.469,0.225,0.306
5.340120983271007,0.47,0.224,0.306
5.3421191716318575,0.471,0.223,0.306
5.344174404196542,0.472,0.222,0.306
5.361067692049655,0.473,0.222,0.305
5.361750867600237,0.474,0.221,0.305
5.362481902346677,0.475,0.22,0.305
5.366706761032491,0.476,0.219,0.305
5.367118548546473,0.477,0.218,0.305
5.367586726495798,0.478,0.217,0.305
5.370172238434811,0.479,0.216,0.305
5.373255170011401,0.48,0.215,0.305
5.374089314153432,0.481,0.214,0.305
5.376750267872405,0.482,0.213,0.305
5.378013859437038,0.483,0.212,0.305
5.382903540249919,0.484,0.211,0.305
5.385122590098882,0.483,0.211,0.306
5.38533969663153,0.484,0.211,0.305
5.386828221280129,0.483,0.211,0.306
5.392303596230662,0.484,0.21,0.306
5.399942979573456,0.485,0.209,0.306
5.400192823563422,0.486,0.208,0.306
5.401769160009346,0.487,0.207,0.306
5.412485298560002,0.486,0.207,0.307
5.414420104388137,0.485,0.207,0.308
5.418183495409826,0.486,0.206,0.308
5.418384729668244,0.487,0.206,0.307
5.4250924195487205,0.486,0.206,0.308
5.426404330045333,0.485,0.206,0.309
5.427778010005037,0.484,0.206,0.31
5.433252015772079,0.485,0.205,0.31
5.435027942947161,0.486,0.205,0.309
5.4359322746903125,0.487,0.204,0.309
5.436297838422212,0.488,0.203,0.309
5.440283813124353,0.487,0.204,0.309
5.443949190215961,0.486,0.205,0.309
5.447647001826559,0.487,0.204,0.309
5.4506429236738,0.488,0.203,0.309
5.453022253743778,0.489,0.202,0.309
5.453120809256602,0.488,0.203,0.309
5.455039015417829,0.487,0.203,0.31
5.455389900470497,0.488,0.202,0.31
5.457294062489919,0.489,0.201,0.31
5.461533165591008,0.49,0.2,0.31
5.46158579129463,0.489,0.201,0.31
5.462439182700725,0.49,0.2,0.31
5.465290811942219,0.491,0.199,0.31
5.465359655804684,0.49,0.199,0.311
5.472603729678964,0.489,0.199,0.312
