time,f0,f1,f2
0.0,1.0,0.0,0.0
0.013803575827486283,0.999,0.001,0.0
0.020804044480112166,0.998,0.002,0.0
0.020878224539096952,0.997,0.003,0.0
0.030344051830450747,0.996,0.003,0.001
0.03146273205604781,0.995,0.003,0.002
0.04130960984061456,0.994,0.004,0.002
0.047386332607792764,0.993,0.004,0.003
0.06051851008171656,0.992,0.005,0.003
0.08255941504854017,0.991,0.006,0.003
0.09084981281451149,0.99,0.006,0.004
0.09209817597876997,0.989,0.007,0.004
0.0922834636200187,0.988,0.008,0.004
0.09337197041726619,0.987,0.008,0.005
0.1088166488845402,0.986,0.008,0.006
0.1152162958469263,0.985,0.009,0.006
0.16090052599837212,0.984,0.009,0.007
0.17747038715861618,0.983,0.01,0.007
0.18243632388466066,0.982,0.01,0.008
0.183893573377597,0.981,0.01,0.009
0.190627482029565,0.98,0.01,0.01
0.20540401903912386,0.979,0.011,0.01
0.20744948182109302,0.978,0.011,0.011
0.22037693325343252,0.977,0.012,0.011
0.22296350519711902,0.976,0.013,0.011
0.2289140985902237,0.975,0.014,0.011
0.26524338009883036,0.974,0.014,0.012
0.2719965592545671,0.973,0.014,0.013
0.2739803036033368,0.972,0.014,0.014
0.28881026285972516,0.971,0.015,0.014
0.28965854695108656,0.97,0.015,0.015
0.29688111280673557,0.969,0.015,0.016
0.3039396466885307,0.968,0.016,0.016
0.31247576622475143,0.967,0.017,0.016
0.3274235381747896,0.966,0.017,0.017
0.3341435333067908,0.965,0.017,0.018
0.34116510815000145,0.966,0.016,0.018
0.3486526222510464,0.965,0.017,0.018
0.35205338553993026,0.964,0.018,0.018
0.36312900903505707,0.963,0.019,0.018
0.36413107103195225,0.962,0.02,0.018
0.36523483818126345,0.961,0.021,0.018
0.3769725245006915,0.96,0.021,0.019
0.3876476204392904,0.959,0.021,0.02
0.4047517634675019,0.958,0.022,0.02
0.4064394322209943,0.957,0.022,0.021
0.4306749152068561,0.956,0.022,0.022
0.4395414586030399,0.955,0.023,0.022
0.4474758458798403,0.954,0.023,0.023
0.4484133513340569,0.953,0.024,0.023
0.45484736274867943,0.952,0.024,0.024
0.4648538255872746,0.951,0.024,0.025
0.47413209152596253,0.95,0.024,0.026
0.4746271606415898,0.949,0.024,0.027
0.47493893613355065,0.948,0.025,0.027
0.4819708983612717,0.947,0.025,0.028
0.4906514340626799,0.946,0.025,0.029
0.5221766408393378,0.945,0.025,0.03
0.5321293967394317,0.944,0.026,0.03
0.5415315505720543,0.943,0.026,0.031
0.5446487240357353,0.942,0.026,0.032
0.5601949690079436,0.941,0.026,0.033
0.5716663781842306,0.94,0.027,0.033
0.573910438522427,0.939,0.028,0.033
0.574264564655007,0.938,0.028,0.034
0.5755010811982376,0.937,0.029,0.034
0.5815462579949651,0.936,0.03,0.034
0.5852705890560114,0.935,0.031,0.034
0.600765757921455,0.934,0.032,0.034
0.6161422859076168,0.933,0.032,0.035
0.6196800402684509,0.932,0.032,0.036
0.620402002710997,0.931,0.032,0.037
0.6308534789507537,0.93,0.033,0.037
0.6358164122843797,0.929,0.034,0.037
0.636900766228752,0.928,0.034,0.038
0.644070102623437,0.927,0.035,0.038
0.6445692375027404,0.926,0.036,0.038
0.6450034747074365,0.925,0.037,0.038
0.6468548957553274,0.926,0.037,0.037
0.6556640013587431,0.925,0.038,0.037
0.6685362877729683,0.924,0.038,0.038
0.671914741528712,0.923,0.038,0.039
0.6731083906596498,0.922,0.039,0.039
0.6759966246491692,0.921,0.039,0.04
0.6809371338418696,0.92,0.039,0.041
0.6829295264720499,0.919,0.039,0.042
0.6844354192487442,0.918,0.039,0.043
0.6845184610842874,0.917,0.04,0.043
0.6904051126679948,0.916,0.04,0.044
0.6981282683786325,0.915,0.04,0.045
0.7018530176082489,0.914,0.04,0.046
0.7065899788880953,0.913,0.041,0.046
0.7080064402038292,0.912,0.042,0.046
0.7086302469100616,0.911,0.042,0.047
0.7104637004323717,0.91,0.042,0.048
0.710543417837292,0.909,0.042,0.049
0.7146558575077238,0.908,0.042,0.05
0.735278335918795,0.907,0.043,0.05
0.7402223870907174,0.906,0.043,0.051
0.7411534564473209,0.905,0.044,0.051
0.744014293605058,0.904,0.045,0.051
0.7443366837728912,0.903,0.046,0.051
0.7520904665162114,0.902,0.046,0.052
0.7529709417189661,0.901,0.047,0.052
0.762601999679154,0.9,0.048,0.052
0.7775590839759032,0.899,0.049,0.052
0.791625328537177,0.898,0.049,0.053
0.7926573225418335,0.897,0.05,0.053
0.7975769610788745,0.896,0.051,0.053
0.8037637649560267,0.895,0.052,0.053
0.8055539729206993,0.894,0.053,0.053
0.8100765752006895,0.893,0.053,0.054
0.822116629672449,0.892,0.053,0.055
0.8402546946088558,0.891,0.054,0.055
0.8413894383634124,0.89,0.055,0.055
0.8646600552292427,0.889,0.056,0.055
0.8751769510041255,0.888,0.056,0.056
0.8787244832947758,0.887,0.057,0.056
0.8881271243693803,0.886,0.057,0.057
0.8882884621594501,0.887,0.057,0.056
0.8887109565714831,0.886,0.057,0.057
0.8901952626287605,0.887,0.057,0.056
0.8931453110259523,0.888,0.056,0.056
0.8942507107719895,0.887,0.056,0.057
0.8971489208672893,0.886,0.057,0.057
0.9036639058801353,0.885,0.058,0.057
0.9041434633181887,0.884,0.059,0.057
0.9074336219139808,0.885,0.059,0.056
0.9076522811112122,0.884,0.06,0.056
0.9213736323433985,0.883,0.06,0.057
0.9218346059518984,0.884,0.06,0.056
0.9276564375599711,0.883,0.06,0.057
0.928601278595413,0.882,0.061,0.057
0.9289352506867016,0.881,0.061,0.058
0.9382504815894585,0.88,0.062,0.058
0.9423988927536843,0.879,0.062,0.059
0.9506964673991176,0.878,0.063,0.059
0.952891602117106,0.877,0.063,0.06
0.9599913060459146,0.876,0.063,0.061
0.962244287260914,0.875,0.064,0.061
0.9685262748681693,0.874,0.065,0.061
0.9761120602835712,0.873,0.065,0.062
0.9810936413438871,0.872,0.065,0.063
0.9855695886084559,0.871,0.065,0.064
0.9869976084229214,0.87,0.066,0.064
0.9932964385192228,0.869,0.066,0.065
1.0071942318720473,0.868,0.067,0.065
1.0134434049735686,0.867,0.068,0.065
1.0205063031511192,0.866,0.068,0.066
1.0225661983604146,0.865,0.068,0.067
1.0283355911351155,0.864,0.069,0.067
1.0354215983853456,0.863,0.07,0.067
1.0656273183281082,0.862,0.071,0.067
1.073787139252405,0.861,0.071,0.068
1.0739934142314052,0.86,0.071,0.069
1.0831476597189953,0.859,0.072,0.069
1.0842061277301809,0.858,0.073,0.069
1.0909812469087126,0.857,0.074,0.069
1.0996132113731831,0.856,0.074,0.07
1.104321168441104,0.855,0.075,0.07
1.107374059625128,0.854,0.075,0.071
1.1094683624615311,0.853,0.076,0.071
1.10959461888601,0.852,0.076,0.072
1.1118222263546769,0.851,0.076,0.073
1.1137586551832932,0.85,0.076,0.074
1.1159204512791556,0.849,0.077,0.074
1.1185722289554982,0.848,0.077,0.075
1.1186981694683253,0.847,0.077,0.076
1.119444206869407,0.846,0.078,0.076
1.1281038054350774,0.845,0.079,0.076
1.1304362663510126,0.844,0.08,0.076
1.135969243461372,0.843,0.081,0.076
1.1414838134980592,0.842,0.082,0.076
1.1533856435436123,0.841,0.082,0.077
1.158791780661599,0.84,0.083,0.077
1.1625628311511178,0.839,0.083,0.078
1.170580450569432,0.838,0.083,0.079
1.1752876297915447,0.837,0.084,0.079
1.1794458037477311,0.836,0.085,0.079
1.179760020174099,0.835,0.085,0.08
1.1798625104233846,0.834,0.085,0.081
1.1850819034450315,0.833,0.086,0.081
1.187816460959286,0.832,0.086,0.082
1.1926312378616026,0.831,0.086,0.083
1.1942760641581947,0.83,0.087,0.083
1.1989821130255915,0.829,0.087,0.084
1.1992453594824732,0.828,0.088,0.084
1.1996334792295338,0.827,0.088,0.085
1.2010230865746736,0.826,0.089,0.085
1.2126299474657987,0.825,0.09,0.085
1.2152387281450496,0.824,0.09,0.086
1.2429313347081008,0.823,0.09,0.087
1.246898228975057,0.822,0.091,0.087
1.2488881273775776,0.821,0.091,0.088
1.2568224880144312,0.82,0.091,0.089
1.2640467467798104,0.819,0.091,0.09
1.2641940998093126,0.818,0.092,0.09
1.2695469735330618,0.817,0.092,0.091
1.2697961887806213,0.816,0.093,0.091
1.2779676634513921,0.815,0.094,0.091
1.2794899252118077,0.814,0.095,0.091
1.2883431200596265,0.813,0.096,0.091
1.2957138926831129,0.812,0.096,0.092
1.2977048424253301,0.811,0.096,0.093
1.3008812618418333,0.81,0.097,0.093
1.3030076831506439,0.809,0.097,0.094
1.3095136857032772,0.808,0.098,0.094
1.3126979149559657,0.807,0.098,0.095
1.3235516550742612,0.806,0.099,0.095
1.3303363026592534,0.805,0.1,0.095
1.3391583657026507,0.804,0.101,0.095
1.3425825080933629,0.803,0.102,0.095
1.35159779008868,0.802,0.103,0.095
1.3577939318741399,0.801,0.104,0.095
1.3631087456443864,0.8,0.105,0.095
1.3642644955031853,0.799,0.105,0.096
1.3691617844877872,0.798,0.105,0.097
1.3778001421306663,0.797,0.106,0.097
1.3863045039277349,0.796,0.107,0.097
1.3877285241580442,0.797,0.107,0.096
1.3971236927051978,0.796,0.107,0.097
1.4154894488412622,0.797,0.106,0.097
1.4217715258350594,0.796,0.107,0.097
1.4286779104698188,0.797,0.107,0.096
1.4289600762737784,0.796,0.107,0.097
1.4323498951391513,0.795,0.107,0.098
1.4340932670786932,0.794,0.108,0.098
1.4340937829879497,0.793,0.108,0.099
1.444905456230916,0.792,0.109,0.099
1.4545980152196183,0.793,0.108,0.099
1.4566281136390475,0.792,0.109,0.099
1.4577747486206631,0.791,0.11,0.099
1.4615678470017437,0.79,0.11,0.1
1.4642029057799906,0.789,0.111,0.1
1.4690479186691492,0.788,0.111,0.101
1.4792483752192938,0.787,0.112,0.101
1.5043935984170536,0.786,0.112,0.102
1.5092031746989856,0.785,0.113,0.102
1.5185096749744504,0.784,0.114,0.102
1.519222544627493,0.783,0.114,0.103
1.529601522417517,0.782,0.114,0.104
1.5335405264080986,0.781,0.114,0.105
1.5345261940140962,0.782,0.114,0.104
1.5385940421783908,0.781,0.114,0.105
1.5460221390107394,0.782,0.113,0.105
1.550111907794456,0.781,0.114,0.105
1.5683390720243338,0.78,0.115,0.105
1.5685170083354698,0.779,0.115,0.106
1.5715250357514805,0.778,0.115,0.107
1.5721446552370937,0.777,0.116,0.107
1.5723490765242039,0.776,0.117,0.107
1.5763839835229645,0.775,0.117,0.108
1.5767886090560848,0.774,0.117,0.109
1.5808633319021357,0.773,0.117,0.11
1.5865297547888648,0.772,0.118,0.11
1.5973149742982378,0.771,0.118,0.111
1.6043373135950325,0.772,0.117,0.111
1.6086461383384043,0.771,0.118,0.111
1.6119682842826994,0.77,0.119,0.111
1.6175988858405366,0.769,0.12,0.111
1.620057453153233,0.768,0.12,0.112
1.62172811609227,0.769,0.12,0.111
1.6331013185222039,0.768,0.12,0.112
1.6334642582806138,0.767,0.12,0.113
1.6406807342537322,0.766,0.12,0.114
1.6430496609781413,0.765,0.12,0.115
1.6448346003032146,0.764,0.121,0.115
1.6480662615630943,0.765,0.121,0.114
1.6585874815547283,0.764,0.121,0.115
1.6611725462272557,0.763,0.122,0.115
1.6734268620562283,0.764,0.121,0.115
1.673784379361989,0.763,0.121,0.116
1.6785872547787792,0.764,0.12,0.116
1.6860080267740931,0.765,0.119,0.116
1.70088082145762,0.764,0.119,0.117
1.7026713091167625,0.763,0.119,0.118
1.7130403957391178,0.762,0.119,0.119
1.7160783768481929,0.761,0.12,0.119
1.7184413722854839,0.76,0.12,0.12
1.720309841992573,0.759,0.121,0.12
1.730534722838505,0.758,0.122,0.12
1.7308055265893623,0.757,0.122,0.121
1.732406646999969,0.756,0.123,0.121
1.738235121432991,0.755,0.123,0.122
1.7412063160374698,0.754,0.124,0.122
1.7431463021913156,0.753,0.124,0.123
1.7435162320413713,0.754,0.123,0.123
1.7443873735817548,0.755,0.122,0.123
1.754706205159302,0.754,0.123,0.123
1.7678857174223082,0.753,0.124,0.123
1.7681254860891007,0.752,0.124,0.124
1.7774796812524116,0.751,0.124,0.125
1.7797901996236007,0.75,0.125,0.125
1.791266884359315,0.749,0.125,0.126
1.7915780014875442,0.748,0.126,0.126
1.7918365833541172,0.747,0.126,0.127
1.793322931874705,0.746,0.127,0.127
1.809764452777461,0.745,0.127,0.128
1.81732560039218,0.744,0.127,0.129
1.825286469926666,0.743,0.128,0.129
1.827673334955361,0.744,0.127,0.129
1.8303804192645654,0.743,0.128,0.129
1.830827693404907,0.742,0.129,0.129
1.8373731728056395,0.741,0.13,0.129
1.8398903063038914,0.74,0.131,0.129
1.8438076907669683,0.739,0.132,0.129
1.8521323323571957,0.738,0.132,0.13
1.866532352137219,0.737,0.132,0.131
1.889393930367435,0.736,0.132,0.132
1.8960507838291016,0.735,0.132,0.133
1.8972071778146569,0.734,0.133,0.133
1.9020599688748598,0.733,0.133,0.134
1.9084441255554565,0.732,0.133,0.135
1.947322009518233,0.731,0.134,0.135
1.9521176097424862,0.73,0.134,0.136
1.9536551605821144,0.729,0.135,0.136
1.9609052786848442,0.728,0.136,0.136
1.9621316400983049,0.727,0.136,0.137
1.9682558042531901,0.726,0.137,0.137
1.970147938496033,0.727,0.136,0.137
1.9823551646048654,0.726,0.136,0.138
1.9834793763351177,0.725,0.136,0.139
1.9838224293303375,0.726,0.135,0.139
1.9895037222604213,0.725,0.135,0.14
1.9929074640643294,0.724,0.136,0.14
1.999491877413675,0.725,0.136,0.139
1.999988535973141,0.726,0.135,0.139
2.0022864365234243,0.725,0.135,0.14
2.003726067391338,0.724,0.136,0.14
2.008025743838771,0.723,0.136,0.141
2.013769783002197,0.722,0.137,0.141
2.0169759426679432,0.721,0.138,0.141
2.043960879610436,0.72,0.139,0.141
2.044504935739209,0.719,0.14,0.141
2.0492230962713247,0.718,0.141,0.141
2.054454220083389,0.717,0.141,0.142
2.0564221189112444,0.716,0.141,0.143
2.0571366468462977,0.715,0.141,0.144
2.0578740485491767,0.714,0.142,0.144
2.0630700504882165,0.713,0.142,0.145
2.066647586019351,0.712,0.142,0.146
2.0701045276578474,0.711,0.142,0.147
2.0705415090406483,0.71,0.143,0.147
2.079176805852285,0.709,0.144,0.147
2.082944695393889,0.708,0.145,0.147
2.08589866294943,0.707,0.145,0.148
2.091934920418581,0.708,0.144,0.148
2.0974737308792966,0.707,0.145,0.148
2.1045103270073717,0.708,0.145,0.147
2.1163589345640954,0.709,0.144,0.147
2.1246741740120583,0.71,0.144,0.146
2.12497616883675,0.709,0.144,0.147
2.125862317089331,0.708,0.145,0.147
2.1292093516553687,0.707,0.145,0.148
2.143222461262559,0.706,0.146,0.148
2.1456167896016307,0.705,0.146,0.149
2.1502040828436133,0.704,0.146,0.15
2.1615430951738457,0.703,0.147,0.15
2.1715886978979952,0.704,0.146,0.15
2.17905165222694,0.703,0.147,0.15
2.1889931860822065,0.702,0.148,0.15
2.191585287905856,0.701,0.149,0.15
2.2011273841567673,0.7,0.149,0.151
2.2014784910851595,0.699,0.149,0.152
2.2060194888922666,0.7,0.148,0.152
2.206042130793645,0.699,0.148,0.153
2.210444025464334,0.698,0.148,0.154
2.211029761610741,0.697,0.148,0.155
2.2142623666642747,0.698,0.148,0.154
2.215631065668599,0.697,0.149,0.154
2.221809137355756,0.696,0.15,0.154
2.225662881643046,0.695,0.15,0.155
2.22882680932149,0.694,0.15,0.156
2.2450230738545582,0.693,0.151,0.156
2.25140425614754,0.692,0.152,0.156
2.252459776794306,0.691,0.153,0.156
2.253427611599052,0.69,0.154,0.156
2.263784513958497,0.689,0.155,0.156
2.2649364732313346,0.688,0.156,0.156
2.273228586760484,0.687,0.156,0.157
2.275108891079045,0.686,0.156,0.158
2.279010481984166,0.685,0.157,0.158
2.285757138306576,0.684,0.158,0.158
2.2861990087518187,0.683,0.159,0.158
2.2914366964896438,0.682,0.159,0.159
2.29359386766752,0.681,0.159,0.16
2.298636630321709,0.68,0.159,0.161
2.302804730622061,0.679,0.16,0.161
2.310752922757594,0.678,0.16,0.162
2.3143149449656257,0.677,0.16,0.163
2.3144613255561683,0.676,0.16,0.164
2.317427421994672,0.677,0.159,0.164
2.320258486770401,0.676,0.16,0.164
2.327377738212746,0.675,0.16,0.165
2.3274940852376,0.674,0.161,0.165
2.3342703380339516,0.673,0.161,0.166
2.3426005752277717,0.672,0.161,0.167
2.3436735601482646,0.671,0.162,0.167
2.3578167675005806,0.672,0.161,0.167
2.362407686316092,0.671,0.162,0.167
2.3649797993066284,0.672,0.161,0.167
2.3732749667925903,0.671,0.161,0.168
2.3877993658916967,0.67,0.162,0.168
2.3891263339958324,0.669,0.162,0.169
2.3895436247984847,0.668,0.163,0.169
2.396080519128282,0.667,0.163,0.17
2.39610958070398,0.666,0.164,0.17
2.417823639590448,0.665,0.164,0.171
2.420100880220069,0.664,0.164,0.172
2.4219797652523556,0.663,0.165,0.172
2.4262428143347607,0.662,0.166,0.172
2.4278074152485,0.661,0.167,0.172
2.434214765107875,0.66,0.168,0.172
2.4350127658527825,0.659,0.169,0.172
2.435725280228556,0.658,0.17,0.172
2.464613635669766,0.657,0.171,0.172
2.481177346838229,0.658,0.171,0.171
2.488296973927384,0.659,0.17,0.171
2.4902772795454338,0.66,0.169,0.171
2.5087877092824207,0.659,0.169,0.172
2.5131783779160286,0.658,0.17,0.172
2.5208823017485833,0.657,0.17,0.173
2.523614944853676,0.656,0.17,0.174
2.5277708492804827,0.655,0.17,0.175
2.545276029398164,0.654,0.171,0.175
2.5471441191935065,0.653,0.172,0.175
2.5527623703351923,0.652,0.173,0.175
2.567915749456403,0.651,0.173,0.176
2.5725701896090625,0.65,0.173,0.177
2.5777471642726866,0.649,0.173,0.178
2.581793548693867,0.648,0.173,0.179
2.5851074280072304,0.649,0.172,0.179
2.5890647771270507,0.648,0.172,0.18
2.5914170413584294,0.649,0.171,0.18
2.593857520599972,0.648,0.171,0.181
2.602866724427154,0.647,0.171,0.182
2.609614787845403,0.646,0.172,0.182
2.6116943561639236,0.645,0.172,0.183
2.614433131469876,0.646,0.171,0.183
2.6177507846364008,0.645,0.172,0.183
2.619523044713148,0.644,0.173,0.183
2.626676094506084,0.643,0.173,0.184
2.6296144585189887,0.642,0.174,0.184
2.6345687177017685,0.641,0.174,0.185
2.6386233999937314,0.642,0.174,0.184
2.640250115482982,0.643,0.174,0.183
2.6428225879842113,0.642,0.175,0.183
2.6440057539844433,0.641,0.176,0.183
2.667560839962712,0.64,0.177,0.183
2.683516985281925,0.639,0.177,0.184
2.687660273270805,0.638,0.178,0.184
2.698173944078948,0.637,0.179,0.184
2.7055349644705693,0.636,0.18,0.184
2.70608844332129,0.635,0.18,0.185
2.707231940361218,0.634,0.181,0.185
2.7075482331158067,0.633,0.181,0.186
2.7091764172143606,0.634,0.18,0.186
2.714930428301113,0.633,0.181,0.186
2.7158260081405707,0.632,0.182,0.186
2.7261096653828405,0.631,0.182,0.187
2.7262551427708597,0.63,0.183,0.187
2.7488931231518965,0.631,0.182,0.187
2.750210608307376,0.63,0.183,0.187
2.7506339838582563,0.629,0.184,0.187
2.750782798648188,0.628,0.184,0.188
2.756083733606115,0.627,0.185,0.188
2.760901183312355,0.628,0.185,0.187
2.768495535057877,0.627,0.185,0.188
2.7718487664258733,0.626,0.186,0.188
2.7733417201401043,0.625,0.187,0.188
2.7757683170383753,0.624,0.188,0.188
2.777411954518454,0.623,0.188,0.189
2.7780578943017726,0.622,0.189,0.189
2.781886749027784,0.621,0.19,0.189
2.78414541612201,0.62,0.19,0.19
2.7845057654764953,0.621,0.189,0.19
2.794506461126272,0.62,0.189,0.191
2.798165190183207,0.619,0.19,0.191
2.8000801802303767,0.62,0.189,0.191
2.809968591113044,0.619,0.189,0.192
2.8195556456060626,0.618,0.189,0.193
2.819933840922355,0.617,0.19,0.193
2.8212586057871993,0.616,0.19,0.194
2.834443721342908,0.615,0.191,0.194
2.837307465842413,0.616,0.19,0.194
2.841893191511339,0.615,0.191,0.194
2.846457710539494,0.614,0.191,0.195
2.8488122680517454,0.615,0.19,0.195
2.8501872826464085,0.614,0.19,0.196
2.8512573445386336,0.615,0.189,0.196
2.8546993596713586,0.614,0.189,0.197
2.85515426941563,0.613,0.19,0.197
2.8612142629039345,0.614,0.189,0.197
2.8630103575067176,0.613,0.189,0.198
2.864003339784223,0.614,0.189,0.197
2.872368755250101,0.613,0.189,0.198
2.8772822690660895,0.612,0.19,0.198
2.8809529706643575,0.611,0.191,0.198
2.884319793181799,0.61,0.191,0.199
2.8886014470101107,0.609,0.191,0.2
2.8910209147171253,0.608,0.192,0.2
2.891169460971846,0.609,0.191,0.2
2.894009404019717,0.61,0.191,0.199
2.9003965898269266,0.609,0.192,0.199
2.9142236262778187,0.61,0.192,0.198
2.914467188719208,0.609,0.193,0.198
2.9178291249367727,0.608,0.193,0.199
2.918795526828213,0.607,0.194,0.199
2.9320549966618388,0.606,0.194,0.2
2.944565118536709,0.605,0.194,0.201
2.948002175265614,0.604,0.194,0.202
2.9488629883946897,0.605,0.194,0.201
2.954532705665041,0.604,0.195,0.201
2.9550437034076897,0.603,0.196,0.201
2.962183000956873,0.604,0.195,0.201
2.9634243420558395,0.603,0.195,0.202
2.976556019222929,0.602,0.196,0.202
2.9810764463845496,0.601,0.196,0.203
2.9825975885395004,0.6,0.196,0.204
2.9922508958459315,0.601,0.196,0.203
2.9990118601895386,0.602,0.195,0.203
3.0338819878433507,0.601,0.196,0.203
3.0380514143429087,0.602,0.195,0.203
3.042152090493038,0.601,0.195,0.204
3.045622785588245,0.6,0.195,0.205
3.0462518776214544,0.599,0.196,0.205
3.0474250002011942,0.598,0.197,0.205
3.0491114092319935,0.597,0.198,0.205
3.050479092695668,0.596,0.198,0.206
3.059877685637957,0.597,0.198,0.205
3.060863016192687,0.596,0.198,0.206
3.0619114702389116,0.595,0.199,0.206
3.0647667802128296,0.594,0.199,0.207
3.0671334552991554,0.593,0.2,0.207
3.0806499795118785,0.592,0.201,0.207
3.0905621690932215,0.591,0.201,0.208
3.0991380090649656,0.59,0.202,0.208
3.1007325711868106,0.589,0.202,0.209
3.1018921019451957,0.588,0.203,0.209
3.1021728817406298,0.587,0.203,0.21
3.1102569091955075,0.586,0.204,0.21
3.128197398623419,0.585,0.204,0.211
3.1297900241179546,0.584,0.204,0.212
3.130548790197322,0.585,0.203,0.212
3.133049288173426,0.584,0.204,0.212
3.1617559893144205,0.583,0.204,0.213
3.1636606147995083,0.584,0.203,0.213
3.1648403212299234,0.583,0.203,0.214
3.165622465889169,0.582,0.203,0.215
3.167859957517676,0.583,0.203,0.214
3.1693374805131502,0.582,0.204,0.214
3.17576095290357,0.581,0.204,0.215
3.17952093709926,0.582,0.203,0.215
3.180191189646289,0.581,0.204,0.215
3.1917105253641074,0.58,0.205,0.215
3.198924214809695,0.579,0.205,0.216
3.201386337405412,0.578,0.206,0.216
3.208629619014809,0.577,0.207,0.216
3.2149660369341375,0.576,0.208,0.216
3.216115853110073,0.577,0.207,0.216
3.217295556622043,0.576,0.208,0.216
3.220171445318959,0.577,0.207,0.216
3.2211093947660117,0.576,0.208,0.216
3.2260269869372316,0.577,0.208,0.215
3.2273100557282013,0.576,0.209,0.215
3.227323863191478,0.575,0.209,0.216
3.2276997781948857,0.574,0.21,0.216
3.237842751938813,0.573,0.211,0.216
3.249742705656225,0.572,0.211,0.217
3.2576943231312874,0.571,0.211,0.218
3.258158093973285,0.57,0.211,0.219
3.2656677221038293,0.569,0.211,0.22
3.2689392659365364,0.568,0.212,0.22
3.270970670808902,0.567,0.212,0.221
3.2740460091174257,0.566,0.212,0.222
3.2783666862187473,0.565,0.212,0.223
3.2869146083721836,0.564,0.213,0.223
3.2912698675582894,0.565,0.212,0.223
3.2982376053385805,0.564,0.212,0.224
3.3097591665688806,0.565,0.212,0.223
3.315984444572683,0.564,0.212,0.224
3.319107588823766,0.565,0.212,0.223
3.3222799091833437,0.564,0.212,0.224
3.3238021492064944,0.563,0.213,0.224
3.325782998760223,0.562,0.214,0.224
3.3299477089085023,0.561,0.214,0.225
3.3312092348789846,0.56,0.215,0.225
3.3353051844941732,0.559,0.216,0.225
3.3365624320634155,0.558,0.217,0.225
3.3461335114413386,0.557,0.218,0.225
3.3630638035238003,0.556,0.219,0.225
3.384607061591995,0.555,0.22,0.225
3.389236799976427,0.554,0.22,0.226
3.3894879911314346,0.553,0.221,0.226
3.3920242287886673,0.552,0.221,0.227
3.415562093692771,0.551,0.221,0.228
3.42347214703913,0.552,0.221,0.227
3.4245818741164404,0.553,0.22,0.227
3.429050030731426,0.552,0.22,0.228
3.4365735298370743,0.553,0.219,0.228
3.438437988619489,0.552,0.22,0.228
3.445533995849551,0.551,0.221,0.228
3.4476639759638785,0.55,0.222,0.228
3.4487766297953564,0.549,0.223,0.228
3.449575633074045,0.548,0.224,0.228
3.4523627500934198,0.547,0.225,0.228
3.456295463334657,0.546,0.226,0.228
3.4627798521553,0.545,0.226,0.229
3.471467655604827,0.544,0.227,0.229
3.4731446407404016,0.543,0.227,0.23
3.4815651244756904,0.542,0.227,0.231
3.481946493022722,0.543,0.227,0.23
3.496063491927016,0.544,0.227,0.229
3.505310690030343,0.543,0.228,0.229
3.5090831852494224,0.542,0.228,0.23
3.5144350983127732,0.541,0.229,0.23
3.518976048125923,0.542,0.228,0.23
3.5217807215624295,0.543,0.227,0.23
3.531424794132424,0.542,0.228,0.23
3.5392242219800503,0.543,0.227,0.23
3.5398951354603114,0.542,0.227,0.231
3.540225154093215,0.541,0.228,0.231
3.543998471978953,0.542,0.228,0.23
3.5447251147517584,0.541,0.228,0.231
3.549797534765525,0.542,0.228,0.23
3.5516942811372925,0.541,0.228,0.231
3.556085730385402,0.54,0.229,0.231
3.5633317044011896,0.541,0.229,0.23
3.565976103222577,0.54,0.229,0.231
3.5781759544506335,0.541,0.229,0.23
3.578455683388422,0.54,0.23,0.23
3.5804577618432196,0.539,0.231,0.23
3.5836843178485784,0.538,0.231,0.231
3.584288435063089,0.537,0.231,0.232
3.598164134068774,0.536,0.232,0.232
3.6034128510680703,0.537,0.231,0.232
3.6110502837445146,0.536,0.231,0.233
3.6329576735151625,0.535,0.231,0.234
3.6427601289950973,0.534,0.231,0.235
3.643857490705426,0.533,0.232,0.235
3.644990323216959,0.532,0.232,0.236
3.645843968612499,0.531,0.232,0.237
3.646273812787867,0.53,0.232,0.238
3.6592859427529705,0.529,0.233,0.238
3.66502020277223,0.528,0.234,0.238
3.666647836147771,0.527,0.235,0.238
3.672818656982469,0.528,0.234,0.238
3.6789381578845965,0.527,0.235,0.238
3.6799823008806722,0.526,0.236,0.238
3.684062482548182,0.525,0.236,0.239
3.6954016115809987,0.524,0.236,0.24
3.697311556993168,0.525,0.236,0.239
3.6988324372269097,0.524,0.236,0.24
3.707361412575732,0.523,0.237,0.24
3.71487510289913,0.524,0.236,0.24
3.7191056423498043,0.523,0.236,0.241
3.720529799042525,0.522,0.236,0.242
3.720911133617335,0.523,0.235,0.242
3.722514707762933,0.522,0.235,0.243
3.7249617974158644,0.523,0.234,0.243
3.725459765539258,0.522,0.235,0.243
3.728696326432057,0.523,0.234,0.243
3.7319718778689897,0.522,0.235,0.243
3.7399430689675657,0.521,0.235,0.244
3.742903488693405,0.522,0.234,0.244
3.7529491626767473,0.521,0.234,0.245
3.7601068406637945,0.522,0.233,0.245
3.761847787275383,0.521,0.234,0.245
3.763903086250723,0.52,0.235,0.245
3.7648821545455524,0.521,0.234,0.245
3.7719186016015227,0.522,0.234,0.244
3.77766598002588,0.521,0.235,0.244
3.7816676299240712,0.522,0.235,0.243
3.7857882017295306,0.521,0.235,0.244
3.787389217024292,0.52,0.236,0.244
3.789395730435589,0.521,0.235,0.244
3.807278615083613,0.52,0.236,0.244
3.8137817240718963,0.519,0.237,0.244
3.8154213331992084,0.52,0.237,0.243
3.8201489705346536,0.519,0.238,0.243
3.829808855037133,0.518,0.239,0.243
3.8337570640112544,0.519,0.239,0.242
3.8357598295296844,0.518,0.239,0.243
3.8373246181064866,0.517,0.24,0.243
3.847930737929213,0.516,0.24,0.244
3.8521233888931032,0.515,0.24,0.245
3.8595975085622602,0.514,0.24,0.246
3.861509503128661,0.513,0.241,0.246
3.8616768242411412,0.512,0.242,0.246
3.861798016923932,0.513,0.242,0.245
3.8622222913743953,0.512,0.242,0.246
3.8746137388121458,0.511,0.243,0.246
3.880936077557178,0.51,0.244,0.246
3.8869909931396247,0.509,0.244,0.247
3.888392708770654,0.508,0.244,0.248
3.895419886075162,0.507,0.244,0.249
3.9121572719528985,0.506,0.245,0.249
3.9160202242558397,0.505,0.246,0.249
3.920417743877981,0.504,0.247,0.249
3.926718294911619,0.503,0.247,0.25
3.9308996769472118,0.502,0.247,0.251
3.94411844914546,0.503,0.247,0.25
3.9456156211191313,0.502,0.247,0.251
3.9460456503589367,0.501,0.247,0.252
3.9472737458253437,0.5,0.247,0.253
3.948635191881498,0.501,0.247,0.252
3.9503035026102595,0.5,0.248,0.252
3.9503611687588567,0.501,0.248,0.251
3.957255159756481,0.502,0.248,0.25
3.9573728014431526,0.501,0.248,0.251
3.9627591535407283,0.5,0.248,0.252
3.9645765458733546,0.501,0.248,0.251
3.9697681349195455,0.5,0.249,0.251
3.9777263172584547,0.499,0.249,0.252
3.9826252412945093,0.498,0.249,0.253
4.0044769762753,0.497,0.25,0.253
4.009539421412439,0.498,0.249,0.253
4.011817091476638,0.499,0.248,0.253
4.015964692902304,0.5,0.247,0.253
4.0316910609210135,0.499,0.248,0.253
4.032153639594343,0.5,0.247,0.253
4.034432093647159,0.501,0.247,0.252
4.0482727104399805,0.5,0.248,0.252
4.058567061355538,0.499,0.249,0.252
4.059344472628642,0.498,0.249,0.253
4.0601389676559245,0.499,0.248,0.253
4.070049671820852,0.5,0.247,0.253
4.074059653607796,0.499,0.247,0.254
4.07572475020983,0.498,0.248,0.254
4.077036041832724,0.497,0.249,0.254
4.083428637156167,0.496,0.25,0.254
4.083593918715034,0.495,0.251,0.254
4.083963201344383,0.494,0.252,0.254
4.085438011487729,0.493,0.252,0.255
4.088679468835527,0.492,0.253,0.255
4.099171334545556,0.493,0.253,0.254
4.100769803508729,0.492,0.254,0.254
4.105474350760499,0.491,0.255,0.254
4.10704675807147,0.49,0.255,0.255
4.109634484967783,0.489,0.256,0.255
4.1152554987270555,0.488,0.257,0.255
4.127208362570983,0.487,0.257,0.256
4.132067848780679,0.486,0.257,0.257
4.140395094856269,0.487,0.257,0.256
4.153404539410857,0.486,0.257,0.257
4.155010626232301,0.485,0.258,0.257
4.155041587626582,0.484,0.259,0.257
4.156750139553204,0.483,0.259,0.258
4.157019582951738,0.484,0.258,0.258
4.168010499135189,0.485,0.257,0.258
4.171292728722097,0.484,0.258,0.258
4.174803264936035,0.483,0.258,0.259
4.178552037157944,0.484,0.258,0.258
4.184117789630721,0.485,0.257,0.258
4.189343806228129,0.484,0.258,0.258
4.195839086203308,0.483,0.258,0.259
4.2097223753018085,0.482,0.258,0.26
4.211220235438321,0.481,0.259,0.26
4.21348934625776,0.48,0.26,0.26
4.2228654746905825,0.481,0.26,0.259
4.224522789797009,0.48,0.261,0.259
4.2308959978167335,0.479,0.261,0.26
4.232925345393737,0.478,0.261,0.261
4.236035839793472,0.477,0.262,0.261
4.261269603616553,0.476,0.262,0.262
4.2626591524491255,0.475,0.262,0.263
4.268738268018522,0.474,0.263,0.263
4.277998601505254,0.473,0.263,0.264
4.2784448736396925,0.472,0.264,0.264
4.279260034168533,0.471,0.264,0.265
4.284943678769501,0.47,0.264,0.266
4.288603515380591,0.469,0.264,0.267
4.290758546055523,0.468,0.265,0.267
4.296884914263064,0.467,0.265,0.268
4.314582046794492,0.468,0.264,0.268
4.320395424114145,0.467,0.265,0.268
4.331874414039696,0.468,0.264,0.268
4.33344865278822,0.467,0.264,0.269
4.33387008573949,0.466,0.265,0.269
4.334382390781567,0.465,0.265,0.27
4.3344036319453805,0.464,0.265,0.271
4.334896332764317,0.463,0.266,0.271
4.34100578039953,0.462,0.266,0.272
4.34831792507594,0.461,0.266,0.273
4.354907764846745,0.46,0.267,0.273
4.365030037090894,0.461,0.267,0.272
4.371887819599428,0.46,0.268,0.272
4.377730677754469,0.459,0.269,0.272
4.38805352015306,0.46,0.269,0.271
4.3967470492220935,0.459,0.269,0.272
4.403013384428231,0.458,0.269,0.273
4.404088762892108,0.459,0.268,0.273
4.407989000775068,0.458,0.269,0.273
4.409363151114763,0.457,0.27,0.273
4.409543714261285,0.456,0.27,0.274
4.413636752331672,0.455,0.27,0.275
4.413896407733037,0.454,0.27,0.276
4.415890495184108,0.453,0.27,0.277
4.42112149706693,0.452,0.271,0.277
4.428127266788268,0.451,0.271,0.278
4.429932523941858,0.45,0.272,0.278
4.43789431013464,0.449,0.272,0.279
4.439372249774469,0.448,0.272,0.28
4.440537323300142,0.447,0.272,0.281
4.444769441103014,0.448,0.271,0.281
4.447376244597405,0.449,0.27,0.281
4.449562910041406,0.448,0.271,0.281
4.449831330153639,0.447,0.271,0.282
4.460640873531287,0.446,0.272,0.282
4.464590210209779,0.445,0.272,0.283
4.466157376915481,0.444,0.273,0.283
4.469068308597196,0.445,0.272,0.283
4.474895561539572,0.444,0.273,0.283
4.4766876687943595,0.443,0.274,0.283
4.48780256807598,0.442,0.275,0.283
4.491308059879514,0.441,0.276,0.283
4.497343080660432,0.44,0.277,0.283
4.500826186886679,0.439,0.278,0.283
4.514235455954991,0.438,0.279,0.283
4.519543616763504,0.439,0.278,0.283
4.521841598326428,0.438,0.279,0.283
4.524341674527864,0.439,0.279,0.282
4.531968932361608,0.438,0.28,0.282
4.5337174033676515,0.437,0.281,0.282
4.539614263545551,0.436,0.282,0.282
4.552177727495281,0.435,0.283,0.282
4.554800738193786,0.434,0.284,0.282
4.561123462148868,0.433,0.285,0.282
4.5623186894383725,0.432,0.286,0.282
4.563311610196539,0.433,0.286,0.281
4.566505088268952,0.432,0.287,0.281
4.575384435388196,0.431,0.288,0.281
4.576283186011152,0.432,0.288,0.28
4.579782433499615,0.431,0.289,0.28
4.586989257652845,0.43,0.289,0.281
4.596539651284947,0.431,0.288,0.281
4.598141339439748,0.432,0.287,0.281
4.59937901346415,0.433,0.286,0.281
4.602325366588679,0.432,0.286,0.282
4.604807992692655,0.433,0.285,0.282
4.606429742909986,0.432,0.286,0.282
4.607455402785439,0.431,0.287,0.282
4.609820175672454,0.432,0.286,0.282
4.610962638844462,0.433,0.286,0.281
4.611093154137245,0.432,0.286,0.282
4.614679771958481,0.431,0.286,0.283
4.6155430227701535,0.43,0.286,0.284
4.616010829675172,0.429,0.286,0.285
4.617968982134303,0.428,0.286,0.286
4.619084034544419,0.427,0.286,0.287
4.625799393374911,0.426,0.287,0.287
4.642780840462222,0.427,0.286,0.287
4.646883038587287,0.428,0.285,0.287
4.647915578093157,0.429,0.284,0.287
4.6617987267832035,0.428,0.285,0.287
4.666777796276573,0.429,0.284,0.287
4.687888330796298,0.43,0.284,0.286
4.694768192204961,0.431,0.283,0.286
4.6957803819644575,0.43,0.284,0.286
4.699708465416105,0.429,0.284,0.287
4.705207046843998,0.43,0.283,0.287
4.712157192230943,0.431,0.283,0.286
4.729271095447835,0.43,0.284,0.286
4.732843250936484,0.429,0.285,0.286
4.736539318614476,0.428,0.285,0.287
4.736909491649444,0.427,0.286,0.287
4.740207013427409,0.426,0.287,0.287
4.740979317647082,0.425,0.288,0.287
4.742488847512766,0.424,0.288,0.288
4.743748993110477,0.423,0.288,0.289
4.754235579059412,0.424,0.287,0.289
4.755077565448296,0.423,0.288,0.289
4.764248545676424,0.422,0.289,0.289
4.773171507997797,0.421,0.29,0.289
4.773368146055745,0.42,0.291,0.289
4.7967204354779716,0.419,0.291,0.29
4.807037505982286,0.418,0.292,0.29
4.80798583730934,0.419,0.292,0.289
4.811940025792831,0.418,0.293,0.289
4.8212623476696,0.417,0.293,0.29
4.824089712419243,0.416,0.294,0.29
4.837388094322451,0.415,0.294,0.291
4.839918623267173,0.416,0.294,0.29
4.853271427675204,0.417,0.293,0.29
4.857422488612512,0.416,0.294,0.29
4.860782944809883,0.415,0.294,0.291
4.86169595202624,0.414,0.294,0.292
4.869263301972557,0.413,0.295,0.292
4.869339684305479,0.414,0.295,0.291
4.870135830939313,0.415,0.295,0.29
4.870139938971638,0.416,0.295,0.289
4.880476477365897,0.415,0.296,0.289
4.887023997311167,0.414,0.296,0.29
4.889535813226898,0.413,0.297,0.29
4.891903085415684,0.412,0.298,0.29
4.894812649237868,0.411,0.298,0.291
4.905224947717705,0.412,0.298,0.29
4.9070549919453725,0.411,0.298,0.291
4.914824790682766,0.41,0.299,0.291
4.91522285231684,0.411,0.299,0.29
4.9184077312521906,0.41,0.299,0.291
4.9260668598199455,0.411,0.299,0.29
4.926699538099821,0.412,0.298,0.29
4.934842828500501,0.413,0.298,0.289
4.935857703865578,0.414,0.298,0.288
4.93719491711813,0.413,0.298,0.289
4.938245555886016,0.414,0.298,0.288
4.938928727420886,0.413,0.299,0.288
4.945416489690775,0.412,0.3,0.288
4.946992432960772,0.413,0.3,0.287
4.949112647799045,0.414,0.299,0.287
4.950990881948761,0.413,0.3,0.287
4.9552484902854905,0.414,0.3,0.286
4.958937470317459,0.415,0.3,0.285
4.960109000198455,0.416,0.3,0.284
4.961645683836704,0.415,0.301,0.284
4.968718975635523,0.414,0.302,0.284
4.9689350178832346,0.415,0.301,0.284
4.969994077189174,0.414,0.302,0.284
4.972388825523852,0.415,0.302,0.283
4.972460516269507,0.416,0.302,0.282
4.9725211858457055,0.415,0.302,0.283
4.974223271592027,0.416,0.302,0.282
4.992570223699214,0.415,0.303,0.282
4.995132449389868,0.414,0.304,0.282
4.997177805931476,0.415,0.304,0.281
5.000907210862946,0.414,0.305,0.281
5.005503556432019,0.415,0.305,0.28
5.008552819157803,0.416,0.305,0.279
5.008729194351815,0.415,0.305,0.28
5.009105850991958,0.416,0.305,0.279
5.0103468962635525,0.417,0.305,0.278
5.011897616496945,0.416,0.306,0.278
5.012291058542324,0.417,0.305,0.278
5.013938198205623,0.416,0.306,0.278
5.017452777150796,0.415,0.307,0.278
5.019423738238365,0.416,0.307,0.277
5.026465834098602,0.417,0.307,0.276
5.03040050533453,0.416,0.308,0.276
5.033965250701198,0.417,0.308,0.275
5.042666299263945,0.418,0.308,0.274
5.043777448757731,0.419,0.308,0.273
5.0437844416142354,0.42,0.308,0.272
5.045154064141639,0.421,0.308,0.271
5.050341327249253,0.422,0.308,0.27
5.050368227055672,0.421,0.308,0.271
5.053010526663761,0.422,0.308,0.27
5.057730468310738,0.423,0.308,0.269
5.060849700518879,0.424,0.308,0.268
5.062565517064804,0.423,0.308,0.269
5.0647808042043225,0.422,0.309,0.269
5.071832940445493,0.423,0.309,0.268
5.072314229179219,0.422,0.31,0.268
5.073704157190486,0.423,0.31,0.267
5.082071840663389,0.424,0.31,0.266
5.082848183835826,0.425,0.31,0.265
5.083199263621493,0.426,0.31,0.264
5.083907593050499,0.427,0.31,0.263
5.08505126116648,0.428,0.31,0.262
5.089034631551594,0.427,0.31,0.263
5.089055528280642,0.428,0.31,0.262
5.089247824181891,0.429,0.31,0.261
5.091797876738631,0.428,0.311,0.261
5.093628082857856,0.427,0.311,0.262
5.093652926254917,0.426,0.312,0.262
5.094344884880489,0.427,0.312,0.261
5.0951414362638365,0.426,0.313,0.261
5.095990691572143,0.425,0.314,0.261
5.096260097671396,0.426,0.314,0.26
5.098934725122951,0.427,0.314,0.259
5.0996812869862405,0.428,0.314,0.258
5.101388559267595,0.427,0.315,0.258
5.104728617910789,0.428,0.315,0.257
5.110701303749499,0.429,0.314,0.257
5.111541732284511,0.43,0.313,0.257
5.114872906038678,0.431,0.313,0.256
5.1151219543573605,0.432,0.313,0.255
5.117059812082505,0.433,0.313,0.254
5.118335200258007,0.434,0.313,0.253
5.120149534960216,0.435,0.313,0.252
5.121028353945861,0.436,0.313,0.251
5.121327254164426,0.437,0.313,0.25
5.1239136271168855,0.438,0.313,0.249
5.124783513249693,0.439,0.312,0.249
5.129434188262317,0.438,0.313,0.249
5.130162938955493,0.437,0.313,0.25
5.133419954312265,0.436,0.313,0.251
5.138512625152588,0.435,0.314,0.251
5.138915977530682,0.436,0.314,0.25
5.140124741822381,0.435,0.315,0.25
5.141181529205496,0.436,0.314,0.25
5.143878781710638,0.437,0.314,0.249
5.144537758636715,0.436,0.314,0.25
5.149593000681195,0.437,0.314,0.249
5.15024518292664,0.438,0.314,0.248
5.1517282422684225,0.439,0.314,0.247
5.157983322241069,0.44,0.314,0.246
5.160090479336945,0.441,0.314,0.245
5.16881046955873,0.442,0.314,0.244
5.170109587268882,0.443,0.314,0.243
5.172917617998126,0.444,0.314,0.242
5.174330309193037,0.443,0.314,0.243
5.174398425614987,0.442,0.314,0.244
5.176317887198815,0.443,0.314,0.243
5.178173510541708,0.444,0.314,0.242
5.178919605911211,0.445,0.314,0.241
5.1795889821571555,0.446,0.314,0.24
5.1823390966611065,0.447,0.314,0.239
5.186240550798409,0.448,0.313,0.239
5.186800561890217,0.449,0.313,0.238
5.193510800610357,0.45,0.313,0.237
5.194838799905216,0.449,0.314,0.237
5.195189335578128,0.448,0.315,0.237
5.196307593225772,0.449,0.315,0.236
5.1998339548804555,0.45,0.315,0.235
5.200865467675976,0.449,0.316,0.235
5.204363020259207,0.45,0.316,0.234
5.206025991692935,0.451,0.316,0.233
5.207014484392655,0.452,0.316,0.232
5.208080889511854,0.451,0.317,0.232
5.211207101954999,0.452,0.317,0.231
5.2113212406157094,0.453,0.317,0.23
5.2121826575465136,0.454,0.317,0.229
5.213669655218451,0.453,0.317,0.23
5.217491056003289,0.452,0.318,0.23
5.220752735783523,0.451,0.318,0.231
5.223060260141445,0.452,0.318,0.23
5.227544017686244,0.453,0.318,0.229
5.232351916749209,0.454,0.318,0.228
5.237103126197332,0.455,0.318,0.227
5.239263543665109,0.456,0.318,0.226
5.23933621839695,0.457,0.318,0.225
5.240074786568635,0.458,0.318,0.224
5.242439007156749,0.459,0.317,0.224
5.2429943749515875,0.46,0.316,0.224
5.244152658351902,0.461,0.316,0.223
5.245393987577404,0.46,0.316,0.224
5.247453137681342,0.459,0.317,0.224
5.247495417538624,0.458,0.317,0.225
5.2485469706427486,0.457,0.317,0.226
5.249859730297172,0.458,0.316,0.226
5.250553648478176,0.459,0.316,0.225
5.2510695841312005,0.46,0.316,0.224
5.251128529027056,0.461,0.316,0.223
5.251923011881411,0.46,0.317,0.223
5.253756262885069,0.461,0.317,0.222
5.257617170728022,0.462,0.317,0.221
5.259549109215067,0.463,0.317,0.22
5.261889703430132,0.464,0.317,0.219
5.262657149361991,0.465,0.317,0.218
5.264877579637893,0.466,0.317,0.217
5.267458315275102,0.467,0.317,0.216
5.268864132175261,0.466,0.318,0.216
5.269574649446919,0.467,0.318,0.215
5.269646565927929,0.466,0.318,0.216
5.269905603958628,0.467,0.318,0.215
5.271002430535109,0.468,0.318,0.214
5.271690897864861,0.469,0.318,0.213
5.272522167084341,0.47,0.318,0.212
5.272782032859129,0.471,0.318,0.211
5.2731926908123405,0.47,0.318,0.212
5.27458043128391,0.469,0.319,0.212
5.275025108553076,0.47,0.319,0.211
5.275667344810942,0.469,0.319,0.212
5.275748160027543,0.47,0.319,0.211
5.277331649013526,0.471,0.319,0.21
5.28306097816228,0.472,0.318,0.21
5.28520126105048,0.473,0.318,0.209
5.287036853082943,0.472,0.318,0.21
5.2889530962249305,0.471,0.319,0.21
5.289720374352775,0.472,0.319,0.209
5.290868121741569,0.471,0.32,0.209
5.292146793557364,0.472,0.32,0.208
5.295826220814546,0.473,0.32,0.207
5.298782147879976,0.472,0.32,0.208
5.2998093614040656,0.471,0.321,0.208
5.309584936144317,0.472,0.321,0.207
5.309793921684743,0.473,0.321,0.206
5.312916493179523,0.474,0.321,0.205
5.313565151640567,0.473,0.321,0.206
5.319415450039385,0.474,0.321,0.205
5.324214042526618,0.475,0.32,0.205
5.326420335181643,0.474,0.321,0.205
5.328529278523646,0.475,0.32,0.205
5.333609499731152,0.474,0.321,0.205
5.336989815286855,0.473,0.321,0.206
5.34273746306713,0.474,0.321,0.205
5.343211305798265,0.475,0.321,0.204
5.346998371206325,0.474,0.322,0.204
5.347668581421092,0.475,0.322,0.203
5.350695234929544,0.476,0.321,0.203
5.3511179960185284,0.475,0.321,0.204
5.35341045644378,0.474,0.322,0.204
5.3545178753027365,0.475,0.322,0.203
5.3578290311085555,0.474,0.323,0.203
5.360475826913402,0.475,0.323,0.202
5.365046970449845,0.474,0.324,0.202
5.366126258626023,0.473,0.325,0.202
5.372046914956468,0.472,0.325,0.203
5.374715690404094,0.471,0.326,0.203
5.376530051376541,0.472,0.325,0.203
5.378854113285515,0.471,0.325,0.204
5.379796078556433,0.47,0.325,0.205
5.388912128327629,0.471,0.325,0.204
5.389108033429812,0.472,0.325,0.203
5.3904403977096935,0.473,0.325,0.202
5.393549299727131,0.474,0.325,0.201
