time,f0,f1,f2
0.0,1.0,0.0,0.0
0.006334809420155574,0.999,0.001,0.0
0.03092071749328694,0.998,0.002,0.0
0.0756566340913734,0.997,0.003,0.0
0.07771885316560764,0.996,0.003,0.001
0.08934637094987355,0.995,0.004,0.001
0.0947474762604673,0.994,0.004,0.002
0.09938050814802724,0.993,0.005,0.002
0.11968954887415706,0.992,0.006,0.002
0.12434840545037742,0.991,0.007,0.002
0.12898459551713068,0.99,0.007,0.003
0.13487036373644937,0.989,0.008,0.003
0.14458833752008413,0.988,0.009,0.003
0.14994844919662675,0.987,0.01,0.003
0.15381546701070925,0.986,0.01,0.004
0.160275362402559,0.985,0.011,0.004
0.16812549405407803,0.984,0.012,0.004
0.17282053096397543,0.983,0.012,0.005
0.17463040833209184,0.982,0.013,0.005
0.18169966321296485,0.981,0.014,0.005
0.1843240983995858,0.98,0.014,0.006
0.18840597847976695,0.979,0.014,0.007
0.2068312206759509,0.978,0.014,0.008
0.20886556506646753,0.977,0.015,0.008
0.20926250424017176,0.978,0.015,0.007
0.21049955566723028,0.977,0.016,0.007
0.21738962368048115,0.976,0.016,0.008
0.2239328916473584,0.975,0.016,0.009
0.22893882156777964,0.974,0.016,0.01
0.2343317894228406,0.973,0.017,0.01
0.23643196716533796,0.972,0.017,0.011
0.24032874993476794,0.973,0.016,0.011
0.2408914559870463,0.972,0.017,0.011
0.2444993185184703,0.971,0.017,0.012
0.2549184575355352,0.97,0.017,0.013
0.2576632417473811,0.969,0.017,0.014
0.2619079504394853,0.968,0.018,0.014
0.2621866645692788,0.967,0.018,0.015
0.2664394277624047,0.966,0.019,0.015
0.27953243631604535,0.965,0.02,0.015
0.2803153503081323,0.964,0.02,0.016
0.28576054502793086,0.963,0.02,0.017
0.2924319830405835,0.962,0.021,0.017
0.2966615446899786,0.961,0.022,0.017
0.29747294756920856,0.96,0.023,0.017
0.30023825933357223,0.959,0.024,0.017
0.304712578135716,0.958,0.024,0.018
0.3246546070214719,0.957,0.025,0.018
0.33947778688836444,0.956,0.026,0.018
0.3492425089581019,0.955,0.027,0.018
0.35606999209790924,0.954,0.028,0.018
0.35836058419455463,0.953,0.029,0.018
0.3589442998763519,0.952,0.03,0.018
0.37278095777029574,0.951,0.03,0.019
0.3740119787682174,0.95,0.031,0.019
0.3950214182391578,0.949,0.032,0.019
0.39630834251723157,0.948,0.032,0.02
0.4071935446268917,0.947,0.033,0.02
0.4087239919260785,0.946,0.033,0.021
0.41653462178737005,0.945,0.033,0.022
0.41910704603859666,0.944,0.033,0.023
0.4201741110332672,0.943,0.033,0.024
0.4237415797913448,0.942,0.034,0.024
0.42714439834073276,0.941,0.035,0.024
0.43969963799741346,0.94,0.035,0.025
0.4443681659494064,0.939,0.035,0.026
0.4559767762719561,0.938,0.035,0.027
0.45897610853459603,0.939,0.034,0.027
0.4625098489466412,0.938,0.035,0.027
0.4732135327452581,0.937,0.036,0.027
0.47816540679618635,0.936,0.036,0.028
0.4836821945610377,0.935,0.037,0.028
0.4885652384669999,0.934,0.038,0.028
0.4986425121607137,0.933,0.039,0.028
0.5021012857501643,0.932,0.039,0.029
0.503660770796405,0.931,0.04,0.029
0.5121639277541749,0.93,0.041,0.029
0.5162322368299299,0.929,0.041,0.03
0.5222904015282609,0.928,0.041,0.031
0.5309978848591473,0.927,0.041,0.032
0.5323042842141839,0.926,0.042,0.032
0.5375553350951725,0.925,0.042,0.033
0.5395127727855232,0.924,0.042,0.034
0.5405122845348945,0.923,0.042,0.035
0.5480189251088418,0.922,0.043,0.035
0.5508082510577705,0.921,0.043,0.036
0.5521295338221974,0.92,0.044,0.036
0.556683891809073,0.919,0.044,0.037
0.5578187714837444,0.918,0.044,0.038
0.5586090180977036,0.917,0.045,0.038
0.5743753984572213,0.916,0.046,0.038
0.5744755856155164,0.915,0.047,0.038
0.5861257214507455,0.914,0.047,0.039
0.5923982023571439,0.913,0.048,0.039
0.5939173427958888,0.912,0.049,0.039
0.5946653159235911,0.913,0.048,0.039
0.5967831257464051,0.912,0.048,0.04
0.6062631625071235,0.911,0.048,0.041
0.6075062210753491,0.91,0.049,0.041
0.6227600999073297,0.909,0.05,0.041
0.6229814771566442,0.908,0.05,0.042
0.6291477186723399,0.907,0.05,0.043
0.6382694843828106,0.906,0.05,0.044
0.6448102686764162,0.905,0.051,0.044
0.650082627334979,0.904,0.052,0.044
0.6543222774809756,0.903,0.052,0.045
0.6670279951167282,0.902,0.052,0.046
0.6703186051041939,0.901,0.053,0.046
0.6899628540658828,0.9,0.054,0.046
0.690000402559683,0.899,0.055,0.046
0.6904909152906352,0.898,0.055,0.047
0.697928926749488,0.897,0.055,0.048
0.6980319016442185,0.896,0.055,0.049
0.7065903663724153,0.895,0.055,0.05
0.712525633039669,0.896,0.055,0.049
0.7166299734615011,0.895,0.056,0.049
0.7248536225179519,0.894,0.057,0.049
0.7273264022448087,0.893,0.057,0.05
0.7310021552549003,0.892,0.057,0.051
0.7350534619911279,0.891,0.057,0.052
0.7480302509858061,0.89,0.057,0.053
0.777392049186261,0.889,0.057,0.054
0.7802045830575199,0.888,0.058,0.054
0.7817284475389011,0.887,0.059,0.054
0.7888271513534321,0.886,0.059,0.055
0.7989045876523679,0.885,0.059,0.056
0.8060782802226325,0.884,0.06,0.056
0.8080826077113985,0.883,0.061,0.056
0.8134237033914288,0.882,0.062,0.056
0.8137128674113944,0.881,0.062,0.057
0.8162226231826416,0.88,0.063,0.057
0.8180422245624221,0.879,0.064,0.057
0.8306022938386075,0.878,0.064,0.058
0.8465968476179271,0.877,0.065,0.058
0.8515839386822128,0.876,0.065,0.059
0.8520451330125026,0.877,0.065,0.058
0.8617692291439378,0.876,0.065,0.059
0.8639224306505195,0.875,0.066,0.059
0.8767233715609879,0.874,0.066,0.06
0.8783526415818885,0.873,0.067,0.06
0.8817993793921759,0.872,0.067,0.061
0.8838650328955018,0.871,0.068,0.061
0.8929315481958924,0.87,0.068,0.062
0.8960281030600742,0.869,0.068,0.063
0.9091448640632425,0.868,0.069,0.063
0.9248415208234099,0.867,0.069,0.064
0.9336421909476562,0.866,0.069,0.065
0.9519917447620534,0.865,0.07,0.065
0.9760399303024343,0.864,0.071,0.065
0.9774495628685601,0.863,0.071,0.066
0.9787183409355664,0.862,0.072,0.066
0.9854247596622074,0.861,0.072,0.067
0.9859944126478466,0.86,0.073,0.067
0.9924038493217003,0.859,0.073,0.068
1.0006916167894913,0.858,0.074,0.068
1.001192483934186,0.857,0.075,0.068
1.0033133313362417,0.856,0.076,0.068
1.0124638924835516,0.857,0.075,0.068
1.0241769159216427,0.856,0.076,0.068
1.0296839867766026,0.855,0.076,0.069
1.0312423303776141,0.854,0.077,0.069
1.03175337129707,0.853,0.077,0.07
1.0415640912177802,0.852,0.078,0.07
1.0483014056938205,0.851,0.079,0.07
1.0609923294073842,0.85,0.079,0.071
1.0712495947331835,0.849,0.08,0.071
1.0788412126563154,0.848,0.081,0.071
1.0806586159974407,0.847,0.081,0.072
1.0919238794373964,0.846,0.081,0.073
1.098263362110917,0.845,0.082,0.073
1.1209100787643032,0.844,0.082,0.074
1.1320960424094848,0.843,0.083,0.074
1.1343504730069713,0.844,0.082,0.074
1.1485556434092516,0.843,0.083,0.074
1.1515524169717222,0.842,0.083,0.075
1.1560883266856994,0.841,0.083,0.076
1.1649076194964625,0.842,0.082,0.076
1.1750781921003577,0.843,0.081,0.076
1.1819021797892768,0.842,0.082,0.076
1.1837560855861764,0.841,0.083,0.076
1.2032817395592432,0.84,0.083,0.077
1.211484864968629,0.839,0.084,0.077
1.222919683782859,0.838,0.085,0.077
1.2344648431580791,0.839,0.084,0.077
1.2472109589096718,0.838,0.085,0.077
1.2546188413038326,0.837,0.085,0.078
1.2564978923516608,0.836,0.086,0.078
1.2583270228387438,0.835,0.086,0.079
1.2614658845050777,0.834,0.086,0.08
1.2621208222431486,0.833,0.086,0.081
1.2796958374539547,0.832,0.087,0.081
1.2828317888544771,0.831,0.087,0.082
1.290729811400621,0.83,0.087,0.083
1.3054859802278518,0.829,0.087,0.084
1.3179782378058076,0.828,0.088,0.084
1.321233128795992,0.827,0.089,0.084
1.3245081358207471,0.826,0.089,0.085
1.3276327285704237,0.825,0.09,0.085
1.3310110123978387,0.824,0.09,0.086
1.3329022316974044,0.825,0.09,0.085
1.3341248619558541,0.824,0.091,0.085
1.3403317675527318,0.823,0.092,0.085
1.3414903383294863,0.822,0.092,0.086
1.3468928824727944,0.821,0.092,0.087
1.3513613437253706,0.82,0.092,0.088
1.353806137760105,0.819,0.092,0.089
1.361866146166722,0.818,0.093,0.089
1.366426431602564,0.819,0.092,0.089
1.3826624715451907,0.818,0.093,0.089
1.3841662241166681,0.817,0.093,0.09
1.3975630108113817,0.816,0.094,0.09
1.4066414136763938,0.815,0.095,0.09
1.4140602363287076,0.814,0.095,0.091
1.4180918659853816,0.813,0.095,0.092
1.422168209290564,0.812,0.095,0.093
1.4260993790858087,0.811,0.095,0.094
1.4367642564640206,0.812,0.094,0.094
1.437806593859938,0.811,0.094,0.095
1.4417597404960258,0.812,0.093,0.095
1.4428667313299806,0.811,0.093,0.096
1.4479000211662534,0.81,0.094,0.096
1.4568230511801423,0.811,0.093,0.096
1.459351648488527,0.81,0.094,0.096
1.4711687733127297,0.809,0.095,0.096
1.4729951016246052,0.808,0.095,0.097
1.4835669723242606,0.807,0.095,0.098
1.4869668143026527,0.806,0.095,0.099
1.4894606698704165,0.805,0.095,0.1
1.4973299475491944,0.804,0.096,0.1
1.5080356857269877,0.803,0.096,0.101
1.512643699816918,0.802,0.096,0.102
1.5146811127334305,0.801,0.096,0.103
1.5147802340870482,0.8,0.096,0.104
1.5165137732880396,0.799,0.097,0.104
1.5243511360266127,0.798,0.097,0.105
1.5337202941916748,0.797,0.097,0.106
1.5351808522403954,0.796,0.098,0.106
1.5369252427365654,0.795,0.098,0.107
1.544768417557823,0.796,0.097,0.107
1.5462833110687138,0.795,0.097,0.108
1.5542918072728773,0.794,0.098,0.108
1.5652696021798913,0.793,0.098,0.109
1.5684478892264775,0.792,0.099,0.109
1.5724120991379655,0.793,0.098,0.109
1.5737448505063771,0.792,0.098,0.11
1.5787333782187734,0.791,0.099,0.11
1.5816286368231935,0.79,0.1,0.11
1.5846392238755025,0.789,0.101,0.11
1.5953504714069655,0.788,0.101,0.111
1.5966648209381917,0.787,0.101,0.112
1.600603343491685,0.786,0.101,0.113
1.6071609930640365,0.785,0.101,0.114
1.6203710637426794,0.784,0.102,0.114
1.6303936129928216,0.783,0.102,0.115
1.6360256819685974,0.782,0.103,0.115
1.6375010458798749,0.781,0.104,0.115
1.6445312633996922,0.78,0.105,0.115
1.6579245785582208,0.779,0.106,0.115
1.6588314399541815,0.778,0.107,0.115
1.6744753779347736,0.777,0.107,0.116
1.6795154765851332,0.776,0.107,0.117
1.6825531362240183,0.775,0.107,0.118
1.697733387117818,0.774,0.108,0.118
1.702475530890418,0.773,0.108,0.119
1.7090531672096978,0.772,0.108,0.12
1.719585139951259,0.771,0.108,0.121
1.7211926967435878,0.772,0.108,0.12
1.7230320209556795,0.771,0.109,0.12
1.7266459590807195,0.772,0.108,0.12
1.7300259546262655,0.771,0.108,0.121
1.7318725112727602,0.77,0.108,0.122
1.7372542401449578,0.769,0.108,0.123
1.7452113130934568,0.768,0.108,0.124
1.7492142179364858,0.767,0.108,0.125
1.7544813808255677,0.766,0.108,0.126
1.759192469379309,0.765,0.108,0.127
1.76454371507415,0.764,0.109,0.127
1.7777819129521537,0.763,0.11,0.127
1.7780656476315757,0.762,0.111,0.127
1.7793196513588654,0.761,0.112,0.127
1.7900914227534437,0.76,0.112,0.128
1.797713973313388,0.759,0.113,0.128
1.8012930921884762,0.758,0.113,0.129
1.8045317019904867,0.757,0.114,0.129
1.8062888508923303,0.756,0.115,0.129
1.8079059683470178,0.757,0.115,0.128
1.8134556205536638,0.756,0.115,0.129
1.8162558151459451,0.755,0.116,0.129
1.8300817428465097,0.754,0.116,0.13
1.8327251475700754,0.755,0.115,0.13
1.8336269217716283,0.754,0.116,0.13
1.8357095325176158,0.753,0.116,0.131
1.8436973788575037,0.752,0.116,0.132
1.8447004149307613,0.751,0.117,0.132
1.8496855919629551,0.75,0.117,0.133
1.857780164744635,0.751,0.116,0.133
1.8594576861403649,0.75,0.117,0.133
1.8645796400105263,0.749,0.118,0.133
1.8650555649665477,0.748,0.118,0.134
1.8688994483719086,0.747,0.118,0.135
1.8735761734643335,0.746,0.118,0.136
1.8829034539116565,0.745,0.119,0.136
1.8837766994369864,0.744,0.12,0.136
1.884354835510892,0.743,0.12,0.137
1.897921583602811,0.744,0.119,0.137
1.9077026942032664,0.743,0.12,0.137
1.912424754052591,0.742,0.121,0.137
1.9276190575056205,0.741,0.121,0.138
1.927865751521734,0.74,0.122,0.138
1.9354628989197737,0.739,0.123,0.138
1.9364324973681801,0.74,0.122,0.138
1.937055272910464,0.739,0.123,0.138
1.94140852648674,0.738,0.123,0.139
1.942556835811853,0.737,0.123,0.14
1.943906310901711,0.736,0.123,0.141
1.9483680567055663,0.735,0.123,0.142
1.9508587468152556,0.734,0.123,0.143
1.951632930036486,0.735,0.122,0.143
1.953165385927926,0.736,0.122,0.142
1.9706105669331888,0.735,0.122,0.143
1.979709616469492,0.734,0.122,0.144
1.9839421141624716,0.733,0.122,0.145
1.9858288119233547,0.734,0.122,0.144
1.987893614223584,0.735,0.121,0.144
2.0062168406618723,0.734,0.121,0.145
2.0110787378852693,0.733,0.122,0.145
2.0134482029043452,0.732,0.123,0.145
2.016314724050274,0.731,0.123,0.146
2.026775815995741,0.73,0.124,0.146
2.039771800547972,0.729,0.124,0.147
2.0421512333662784,0.73,0.123,0.147
2.04815812704195,0.729,0.123,0.148
2.049757846859749,0.73,0.122,0.148
2.04993524706094,0.729,0.122,0.149
2.0564623544154865,0.728,0.122,0.15
2.061581496240261,0.729,0.121,0.15
2.0659297292544747,0.728,0.121,0.151
2.0746842090884923,0.729,0.121,0.15
2.0861617993089387,0.728,0.122,0.15
2.097945921476468,0.727,0.122,0.151
2.0980267279546254,0.728,0.121,0.151
2.0994089055173863,0.727,0.122,0.151
2.106997391521833,0.726,0.123,0.151
2.1119266934266747,0.727,0.122,0.151
2.11888839660401,0.726,0.122,0.152
2.122254053204651,0.725,0.122,0.153
2.128990064142471,0.726,0.121,0.153
2.1299634998464794,0.725,0.122,0.153
2.1301051417712764,0.724,0.122,0.154
2.1446249902226864,0.723,0.122,0.155
2.1456419418449397,0.722,0.123,0.155
2.1566460153038065,0.721,0.124,0.155
2.158311249791848,0.72,0.125,0.155
2.178854887677634,0.719,0.125,0.156
2.1807358472410097,0.718,0.126,0.156
2.181521114975061,0.717,0.127,0.156
2.190845285734258,0.716,0.127,0.157
2.1937238729904234,0.715,0.128,0.157
2.1994241602679128,0.714,0.128,0.158
2.2026928728448016,0.713,0.129,0.158
2.204871557278573,0.712,0.13,0.158
2.2083294038139005,0.711,0.131,0.158
2.2165006525231585,0.71,0.132,0.158
2.219000208420793,0.709,0.132,0.159
2.220589504373808,0.71,0.131,0.159
2.2273647962812637,0.711,0.131,0.158
2.233729474682462,0.71,0.131,0.159
2.2505099288964225,0.709,0.132,0.159
2.257526602436609,0.708,0.133,0.159
2.2631315786184367,0.707,0.134,0.159
2.2654858806476215,0.706,0.134,0.16
2.269436053842187,0.705,0.134,0.161
2.2734560339802288,0.706,0.134,0.16
2.2824898113888223,0.705,0.135,0.16
2.287505646044994,0.704,0.135,0.161
2.2889297714330348,0.703,0.136,0.161
2.2936308808329344,0.702,0.136,0.162
2.301097544040558,0.701,0.136,0.163
2.305901385745505,0.7,0.137,0.163
2.305965680223639,0.699,0.137,0.164
2.319311324317219,0.7,0.137,0.163
2.338465034818465,0.701,0.136,0.163
2.343385763610343,0.7,0.137,0.163
2.347669663258905,0.699,0.138,0.163
2.351637228058147,0.698,0.139,0.163
2.36400703383667,0.699,0.139,0.162
2.3698152322483987,0.7,0.139,0.161
2.3713938575359994,0.699,0.14,0.161
2.3778565793352215,0.698,0.14,0.162
2.3790959712142676,0.697,0.14,0.163
2.3901217702452104,0.696,0.141,0.163
2.399593831118403,0.695,0.142,0.163
2.421878928547975,0.696,0.141,0.163
2.4222795467759655,0.695,0.142,0.163
2.422644856678649,0.694,0.143,0.163
2.4228325333240126,0.695,0.143,0.162
2.4255149999883896,0.694,0.143,0.163
2.4318284693018963,0.693,0.143,0.164
2.433057320006432,0.692,0.143,0.165
2.433680621039532,0.691,0.143,0.166
2.4432444177206842,0.69,0.143,0.167
2.443543799815746,0.689,0.143,0.168
2.44993013230686,0.688,0.143,0.169
2.4617651030281573,0.687,0.144,0.169
2.463275427340213,0.686,0.144,0.17
2.466125826957758,0.685,0.145,0.17
2.4762662410003506,0.684,0.145,0.171
2.479801889214258,0.683,0.145,0.172
2.4834698402862663,0.682,0.146,0.172
2.4839926922085964,0.681,0.146,0.173
2.508770572427882,0.68,0.146,0.174
2.516165301977913,0.679,0.146,0.175
2.52919543160938,0.68,0.146,0.174
2.529917734749754,0.679,0.146,0.175
2.536397498292441,0.678,0.146,0.176
2.5435076230667404,0.677,0.147,0.176
2.5590109659097218,0.676,0.147,0.177
2.5599903314186574,0.675,0.147,0.178
2.569894349072614,0.674,0.147,0.179
2.575151120809912,0.673,0.147,0.18
2.581919931376177,0.672,0.148,0.18
2.582738410894923,0.671,0.148,0.181
2.585437983152218,0.67,0.148,0.182
2.585886957250921,0.669,0.149,0.182
2.5888770814065616,0.668,0.15,0.182
2.598991021628302,0.667,0.15,0.183
2.6004247222917707,0.666,0.15,0.184
2.6034655608672774,0.665,0.151,0.184
2.6082084026954164,0.664,0.152,0.184
2.6118965294563252,0.663,0.153,0.184
2.6169246028099415,0.662,0.154,0.184
2.6284343035503213,0.663,0.154,0.183
2.6298870511791606,0.662,0.155,0.183
2.6310343585948535,0.663,0.154,0.183
2.6385497867588885,0.662,0.154,0.184
2.639247870854199,0.661,0.154,0.185
2.6409109359836496,0.66,0.155,0.185
2.6433494409101885,0.659,0.155,0.186
2.649951674300691,0.658,0.155,0.187
2.6577595550506166,0.657,0.155,0.188
2.6791429424003192,0.656,0.156,0.188
2.6932400721166223,0.657,0.155,0.188
2.6966117382057315,0.658,0.154,0.188
2.6978953438076476,0.657,0.155,0.188
2.6992401872359704,0.656,0.156,0.188
2.7078114416688237,0.657,0.156,0.187
2.7116016025347087,0.658,0.156,0.186
2.7205692813167617,0.657,0.157,0.186
2.7221443716834703,0.656,0.157,0.187
2.7251122124633893,0.655,0.157,0.188
2.7268492668067523,0.654,0.157,0.189
2.7317735321802528,0.653,0.157,0.19
2.736230435285512,0.652,0.157,0.191
2.741303755252047,0.651,0.158,0.191
2.7484485693887124,0.65,0.158,0.192
2.7570796381214873,0.649,0.158,0.193
2.7593135697829676,0.648,0.159,0.193
2.7615561962241744,0.647,0.159,0.194
2.762033850426702,0.646,0.16,0.194
2.7622658698728952,0.645,0.16,0.195
2.7741268519249735,0.644,0.161,0.195
2.799302798324691,0.643,0.162,0.195
2.8023097763240874,0.644,0.161,0.195
2.8052047034191308,0.643,0.161,0.196
2.8138764703405243,0.644,0.16,0.196
2.820461971521233,0.643,0.161,0.196
2.845989894239358,0.642,0.161,0.197
2.855653705965482,0.643,0.16,0.197
2.8621704221567605,0.642,0.16,0.198
2.866351048759384,0.641,0.16,0.199
2.8697238421937974,0.64,0.161,0.199
2.8735515391764146,0.639,0.161,0.2
2.8840432508544587,0.638,0.161,0.201
2.8864043658674334,0.637,0.161,0.202
2.8966845012644065,0.636,0.161,0.203
2.897187290845102,0.635,0.162,0.203
2.8976801524830695,0.634,0.162,0.204
2.899902270788457,0.633,0.163,0.204
2.901171481862387,0.632,0.163,0.205
2.9019761983603773,0.631,0.164,0.205
2.9041003493686546,0.63,0.165,0.205
2.905417813340202,0.629,0.165,0.206
2.905903867995714,0.628,0.165,0.207
2.9115806899092407,0.627,0.166,0.207
2.91186072949676,0.628,0.165,0.207
2.917713935443394,0.627,0.165,0.208
2.927874799838412,0.626,0.166,0.208
2.929444997674785,0.625,0.167,0.208
2.932122376978686,0.624,0.168,0.208
2.942761016717474,0.623,0.168,0.209
2.9440272931036935,0.624,0.167,0.209
2.9470545479179027,0.623,0.167,0.21
2.9502112558853577,0.624,0.166,0.21
2.952392720773352,0.623,0.167,0.21
2.9576580921480278,0.622,0.168,0.21
2.9660817427845325,0.621,0.168,0.211
2.9681477409190693,0.622,0.167,0.211
2.970189342896073,0.621,0.167,0.212
2.9769511067809415,0.62,0.168,0.212
2.978021041022806,0.621,0.168,0.211
2.9797708390709436,0.622,0.167,0.211
2.990935533399533,0.623,0.166,0.211
2.9960761358164607,0.622,0.167,0.211
3.00093822182563,0.621,0.168,0.211
3.0022558770709264,0.622,0.167,0.211
3.0039234553553635,0.623,0.166,0.211
3.004864651078568,0.622,0.166,0.212
3.0061247406013307,0.621,0.166,0.213
3.008962570782186,0.62,0.167,0.213
3.014033787731254,0.619,0.168,0.213
3.014717139198546,0.618,0.169,0.213
3.020385944450658,0.617,0.169,0.214
3.023042567493236,0.616,0.169,0.215
3.027599328276316,0.615,0.17,0.215
3.0278348428182635,0.614,0.171,0.215
3.0289054532324236,0.613,0.172,0.215
3.0291761995183113,0.612,0.172,0.216
3.0371972795077666,0.611,0.172,0.217
3.04319494821482,0.61,0.172,0.218
3.0444379827014605,0.609,0.172,0.219
3.064314906049308,0.608,0.172,0.22
3.0674470951838813,0.607,0.173,0.22
3.084653772559364,0.606,0.174,0.22
3.0885354763854576,0.605,0.174,0.221
3.1088567247778545,0.604,0.175,0.221
3.1218632973340386,0.603,0.175,0.222
3.122336998552504,0.602,0.175,0.223
3.124522608394582,0.601,0.176,0.223
3.126290188054293,0.6,0.177,0.223
3.1280888906674975,0.599,0.177,0.224
3.1383805437882386,0.598,0.177,0.225
3.1431417846837224,0.597,0.177,0.226
3.146223262565945,0.598,0.176,0.226
3.1539167389498273,0.597,0.176,0.227
3.156263560274839,0.596,0.176,0.228
3.1600317766864134,0.595,0.176,0.229
3.1621368446448628,0.594,0.176,0.23
3.1683681153431595,0.593,0.177,0.23
3.1699810219047215,0.592,0.178,0.23
3.1716287375900327,0.591,0.179,0.23
3.1785779354370027,0.592,0.179,0.229
3.180626663496745,0.591,0.179,0.23
3.188638130813776,0.592,0.178,0.23
3.1997453768241626,0.591,0.179,0.23
3.201359592963005,0.59,0.179,0.231
3.2152911855701083,0.591,0.179,0.23
3.2171242777793534,0.59,0.179,0.231
3.222759217534818,0.589,0.179,0.232
3.2291460852512004,0.588,0.179,0.233
3.2304437598090745,0.587,0.179,0.234
3.2342882613411232,0.586,0.18,0.234
3.2347668193146073,0.585,0.181,0.234
3.2379046962119316,0.584,0.182,0.234
3.2547970813104246,0.585,0.181,0.234
3.2552609845927094,0.584,0.182,0.234
3.2643939126041555,0.583,0.183,0.234
3.2819092073122156,0.584,0.182,0.234
3.2949725087528887,0.583,0.182,0.235
3.295299414021166,0.582,0.182,0.236
3.29693353731103,0.583,0.181,0.236
3.3081310934290973,0.584,0.18,0.236
3.3101786438161978,0.583,0.181,0.236
3.310804792791788,0.582,0.181,0.237
3.3134662326628184,0.581,0.182,0.237
3.318008792370216,0.58,0.182,0.238
3.3214794900123397,0.581,0.181,0.238
3.324392187010677,0.58,0.182,0.238
3.336515459273717,0.579,0.183,0.238
3.3371985583023087,0.578,0.183,0.239
3.3376249242120046,0.579,0.183,0.238
3.339849123644095,0.578,0.183,0.239
3.3469725263679195,0.579,0.183,0.238
3.347376502630257,0.578,0.183,0.239
3.349717871079744,0.577,0.184,0.239
3.3524806066439354,0.576,0.184,0.24
3.374232999597415,0.575,0.185,0.24
3.3744632331882394,0.574,0.185,0.241
3.3759884136541762,0.575,0.185,0.24
3.386336934553689,0.574,0.185,0.241
3.3893178390607615,0.573,0.185,0.242
3.3922416948027103,0.572,0.186,0.242
3.397982183730956,0.571,0.186,0.243
3.3983838869546106,0.57,0.187,0.243
3.409071434843329,0.569,0.187,0.244
3.414333133597084,0.568,0.188,0.244
3.4179233105075144,0.567,0.189,0.244
3.425217876235723,0.566,0.189,0.245
3.434578131514949,0.567,0.188,0.245
3.4393982524062414,0.566,0.189,0.245
3.443875794283697,0.565,0.19,0.245
3.444868031780256,0.564,0.191,0.245
3.445459492833405,0.563,0.192,0.245
3.4464449392432273,0.562,0.193,0.245
3.4500413044789022,0.561,0.194,0.245
3.4580783709144605,0.56,0.195,0.245
3.459323801872094,0.559,0.196,0.245
3.4627394166595944,0.56,0.196,0.244
3.468698076724087,0.559,0.197,0.244
3.471266796125614,0.558,0.198,0.244
3.474166551158335,0.557,0.198,0.245
3.4761801591471766,0.556,0.198,0.246
3.4895071872527326,0.555,0.198,0.247
3.491552583071007,0.556,0.198,0.246
3.4925128565995114,0.555,0.198,0.247
3.503952155291504,0.554,0.198,0.248
3.509895430881322,0.553,0.199,0.248
3.513928654807728,0.554,0.199,0.247
3.514375175756978,0.555,0.199,0.246
3.515435051499776,0.554,0.2,0.246
3.5157253396901016,0.553,0.201,0.246
3.516538198643677,0.552,0.202,0.246
3.517901501012273,0.551,0.202,0.247
3.518700268103314,0.55,0.203,0.247
3.5477917181716556,0.549,0.204,0.247
3.5482036156787204,0.548,0.204,0.248
3.5626030197692944,0.547,0.205,0.248
3.564105174691342,0.546,0.205,0.249
3.5644343082626286,0.545,0.206,0.249
3.578347208650468,0.544,0.206,0.25
3.57957425663626,0.543,0.206,0.251
3.58683896349314,0.542,0.207,0.251
3.5896518083389233,0.541,0.208,0.251
3.6108043701482035,0.54,0.208,0.252
3.6130122533563527,0.539,0.208,0.253
3.622349542688687,0.538,0.208,0.254
3.6227301879705256,0.537,0.208,0.255
3.6266893732836456,0.536,0.208,0.256
3.6285872973101085,0.535,0.209,0.256
3.6423765775562176,0.536,0.208,0.256
3.660309589549702,0.535,0.209,0.256
3.6626437453794085,0.534,0.209,0.257
3.662769696862541,0.533,0.209,0.258
3.664275504039744,0.534,0.209,0.257
3.67004243979998,0.533,0.21,0.257
3.673242388411976,0.532,0.21,0.258
3.6812998916438584,0.531,0.21,0.259
3.683499220494603,0.53,0.211,0.259
3.684712882217019,0.531,0.211,0.258
3.689408891433264,0.532,0.21,0.258
3.6941374765157415,0.531,0.21,0.259
3.7028646110385504,0.53,0.21,0.26
3.708795433207037,0.531,0.209,0.26
3.726917636826429,0.53,0.21,0.26
3.731668586989347,0.531,0.21,0.259
3.744274667191333,0.53,0.211,0.259
3.746491097386077,0.529,0.211,0.26
3.749690530627932,0.528,0.211,0.261
3.7513880657984533,0.527,0.212,0.261
3.759430390432756,0.526,0.212,0.262
3.76322191322476,0.525,0.213,0.262
3.7682297182688633,0.526,0.212,0.262
3.775321033128595,0.525,0.213,0.262
3.77541305100581,0.526,0.212,0.262
3.7823289812452123,0.525,0.213,0.262
3.7869790191236574,0.524,0.214,0.262
3.794683405678958,0.523,0.215,0.262
3.8099095196674218,0.522,0.215,0.263
3.8111740639560394,0.523,0.214,0.263
3.8119427453156103,0.524,0.213,0.263
3.8198487173025923,0.525,0.213,0.262
3.825218133512316,0.524,0.213,0.263
3.831931948876048,0.523,0.213,0.264
3.841089813261714,0.522,0.213,0.265
3.8456057657830707,0.521,0.213,0.266
3.846809722365186,0.52,0.213,0.267
3.8483199255900393,0.519,0.214,0.267
3.8496732051319165,0.518,0.214,0.268
3.853351639322407,0.517,0.214,0.269
3.8719871080599284,0.516,0.214,0.27
3.8721303115554466,0.515,0.215,0.27
3.882129904671374,0.514,0.216,0.27
3.8833788019956965,0.513,0.216,0.271
3.883588984914972,0.512,0.216,0.272
3.8887927817961643,0.511,0.216,0.273
3.890043037708079,0.51,0.216,0.274
3.8972617389514155,0.509,0.216,0.275
3.903257096017898,0.508,0.216,0.276
3.9057857123435813,0.507,0.217,0.276
3.9235600206873706,0.506,0.217,0.277
3.936607483676137,0.505,0.218,0.277
3.942414512477331,0.506,0.218,0.276
3.9430494381266263,0.505,0.218,0.277
3.9460514036244025,0.504,0.219,0.277
3.9467174445069904,0.503,0.22,0.277
3.9551652843288263,0.502,0.221,0.277
3.962888434492988,0.501,0.221,0.278
3.9640094481841155,0.5,0.221,0.279
3.9651211309462706,0.499,0.222,0.279
3.9662688112872626,0.498,0.223,0.279
3.968397991990305,0.497,0.223,0.28
3.974369099729919,0.496,0.223,0.281
3.9749581593067447,0.495,0.224,0.281
3.979358681577109,0.496,0.224,0.28
3.9936541819484304,0.495,0.224,0.281
4.0031352724099705,0.496,0.223,0.281
4.005625109891214,0.495,0.223,0.282
4.0058799361693085,0.496,0.222,0.282
4.0197006961316415,0.497,0.222,0.281
4.026318335856848,0.498,0.222,0.28
4.040012316734455,0.497,0.223,0.28
4.0464326109073046,0.496,0.223,0.281
4.062088448763065,0.497,0.223,0.28
4.064935272137748,0.496,0.223,0.281
4.065331442161118,0.495,0.224,0.281
4.068970119888195,0.496,0.223,0.281
4.07668008984822,0.497,0.223,0.28
4.077689080742472,0.496,0.223,0.281
4.082494017683976,0.495,0.223,0.282
4.0965600526335555,0.494,0.224,0.282
4.1039569589546305,0.495,0.223,0.282
4.111302916590834,0.496,0.223,0.281
4.112104513504982,0.495,0.223,0.282
4.122061241880451,0.494,0.224,0.282
4.1377018281821165,0.495,0.224,0.281
4.14479334765106,0.494,0.225,0.281
4.146970365600112,0.493,0.225,0.282
4.147767422619798,0.492,0.225,0.283
4.163847225233556,0.493,0.224,0.283
4.165458386839045,0.494,0.224,0.282
4.1716097065776,0.493,0.225,0.282
4.176345514963154,0.492,0.225,0.283
4.18382206041106,0.491,0.226,0.283
4.187637655927625,0.492,0.225,0.283
4.207317999218918,0.491,0.225,0.284
4.216548772280058,0.49,0.225,0.285
4.221154458557862,0.491,0.224,0.285
4.228132426099398,0.492,0.224,0.284
4.229023343151266,0.493,0.224,0.283
4.2312857508988655,0.492,0.224,0.284
4.232073201646602,0.491,0.224,0.285
4.2393322485033655,0.492,0.223,0.285
4.25528118446963,0.491,0.224,0.285
4.25699433876613,0.49,0.224,0.286
4.2690832514204295,0.489,0.225,0.286
4.283060660068208,0.488,0.226,0.286
4.286615351810033,0.487,0.227,0.286
4.292744222318169,0.486,0.227,0.287
4.294276010553249,0.485,0.228,0.287
4.29771509370408,0.486,0.228,0.286
4.298759970263308,0.487,0.227,0.286
4.300325995701694,0.486,0.228,0.286
4.303525221066937,0.485,0.229,0.286
4.30542877068021,0.484,0.23,0.286
4.307194691892518,0.483,0.231,0.286
4.30855331717003,0.484,0.23,0.286
4.3224228633806305,0.483,0.23,0.287
4.3322031234482505,0.482,0.23,0.288
4.344229784151921,0.483,0.23,0.287
4.344587032328169,0.482,0.231,0.287
4.346430469831141,0.483,0.231,0.286
4.350030396772789,0.484,0.231,0.285
4.350889800866633,0.483,0.232,0.285
4.358723440687417,0.482,0.232,0.286
4.361000160640778,0.481,0.232,0.287
4.371404651660504,0.48,0.233,0.287
4.372523731391833,0.479,0.233,0.288
4.372906019463821,0.478,0.234,0.288
4.375137550681005,0.477,0.234,0.289
4.3759859267280214,0.476,0.234,0.29
4.382462262957466,0.475,0.235,0.29
4.383827286053952,0.476,0.234,0.29
4.389151124619629,0.475,0.234,0.291
4.402361379651593,0.474,0.234,0.292
4.406882077989118,0.473,0.234,0.293
4.406977852445834,0.472,0.235,0.293
4.407264707315474,0.471,0.236,0.293
4.40811512861492,0.472,0.236,0.292
4.415682015040624,0.471,0.237,0.292
4.418791769663052,0.47,0.237,0.293
4.421340174540937,0.471,0.237,0.292
4.429748167663104,0.47,0.238,0.292
4.431448984564145,0.471,0.238,0.291
4.448574620329559,0.472,0.237,0.291
4.4503545508325395,0.471,0.237,0.292
4.450545125884906,0.47,0.237,0.293
4.458027775840538,0.469,0.237,0.294
4.466952710731232,0.468,0.237,0.295
4.469504272596651,0.469,0.237,0.294
4.47013384080769,0.468,0.237,0.295
4.473257985639259,0.467,0.237,0.296
4.4753228897512916,0.466,0.238,0.296
4.47719191520237,0.465,0.238,0.297
4.4895550489749345,0.464,0.239,0.297
4.493941800434511,0.463,0.239,0.298
4.494794775970433,0.464,0.239,0.297
4.495171643507947,0.465,0.238,0.297
4.499199368209157,0.464,0.238,0.298
4.501982758968356,0.465,0.237,0.298
4.503674281868328,0.466,0.236,0.298
4.509079114638611,0.467,0.235,0.298
4.510299504109356,0.466,0.236,0.298
4.514035030195139,0.465,0.236,0.299
4.519772022386677,0.466,0.235,0.299
4.523503192267105,0.465,0.236,0.299
4.524933285689247,0.464,0.237,0.299
4.5282217472302975,0.463,0.237,0.3
4.532017391560217,0.464,0.236,0.3
4.5326330138234034,0.463,0.237,0.3
4.544816422990432,0.462,0.238,0.3
4.54775583294526,0.463,0.237,0.3
4.5477593942492005,0.462,0.238,0.3
4.552042048552336,0.463,0.237,0.3
4.554443705825267,0.464,0.236,0.3
4.55472075251557,0.463,0.236,0.301
4.560079431722828,0.462,0.236,0.302
4.56041367452275,0.463,0.235,0.302
4.561538012170743,0.464,0.234,0.302
4.565336298700418,0.465,0.233,0.302
4.565635869746183,0.466,0.232,0.302
4.568882171315016,0.467,0.231,0.302
4.569462655579398,0.466,0.231,0.303
4.574309582138468,0.465,0.232,0.303
4.5757007455402805,0.464,0.233,0.303
4.5757812708422145,0.465,0.232,0.303
4.5758826567107205,0.466,0.232,0.302
4.584088338896011,0.465,0.232,0.303
4.589807792381121,0.466,0.231,0.303
4.589979023032684,0.467,0.231,0.302
4.594809179418238,0.468,0.23,0.302
4.594906732105836,0.467,0.231,0.302
4.596876523790772,0.466,0.232,0.302
4.597229260608671,0.467,0.231,0.302
4.59986363940384,0.466,0.232,0.302
4.603370990367102,0.465,0.232,0.303
4.607206358177984,0.466,0.231,0.303
4.609255090071626,0.467,0.23,0.303
4.612208439829147,0.468,0.229,0.303
4.613430908440316,0.469,0.228,0.303
4.6155404622407,0.47,0.227,0.303
4.616584205892901,0.471,0.226,0.303
4.6167391551791335,0.472,0.225,0.303
4.620497671884291,0.473,0.224,0.303
4.621553476091957,0.474,0.224,0.302
4.623651804027535,0.475,0.223,0.302
4.6251702285211955,0.476,0.222,0.302
4.625269109488108,0.477,0.222,0.301
4.625419426532422,0.478,0.221,0.301
4.632771702021356,0.479,0.221,0.3
4.633230635281521,0.48,0.22,0.3
4.6357596964087815,0.481,0.219,0.3
4.63610322231233,0.482,0.218,0.3
4.637875671558655,0.483,0.217,0.3
4.639347864262903,0.482,0.217,0.301
4.639371196847976,0.483,0.216,0.301
4.642747515185647,0.484,0.215,0.301
4.647344815970523,0.483,0.215,0.302
4.647408576819168,0.484,0.214,0.302
4.649019525503291,0.485,0.213,0.302
4.650540800573755,0.486,0.213,0.301
4.6519156441564045,0.487,0.212,0.301
4.652697378060332,0.488,0.212,0.3
4.652961769829454,0.487,0.213,0.3
4.659476369653934,0.486,0.213,0.301
4.668119060651626,0.487,0.212,0.301
4.672249524922734,0.488,0.212,0.3
4.679049661023081,0.487,0.213,0.3
4.683521229547262,0.488,0.212,0.3
4.685485671238885,0.489,0.211,0.3
4.694582785107551,0.49,0.211,0.299
4.698257750645715,0.491,0.21,0.299
4.699167497061444,0.492,0.209,0.299
4.711058105193747,0.493,0.208,0.299
4.72261678479356,0.492,0.208,0.3
4.72503961925173,0.493,0.207,0.3
4.725215491665022,0.494,0.206,0.3
4.725558556287835,0.493,0.206,0.301
4.729875762020989,0.494,0.205,0.301
4.731226760737135,0.495,0.204,0.301
4.732602492068332,0.494,0.204,0.302
4.733295651176288,0.495,0.203,0.302
4.735410307240334,0.496,0.202,0.302
4.747539613932199,0.497,0.201,0.302
4.747903064334912,0.498,0.2,0.302
4.748044901155488,0.499,0.199,0.302
4.7489802159580305,0.498,0.2,0.302
4.760250133802572,0.499,0.199,0.302
4.761435276796248,0.5,0.198,0.302
4.774193526353384,0.501,0.197,0.302
4.778798475064703,0.5,0.197,0.303
4.779238089271123,0.501,0.196,0.303
4.780588881211207,0.502,0.195,0.303
4.7835495463413285,0.503,0.194,0.303
4.784141523658934,0.504,0.194,0.302
4.7849720671351665,0.503,0.195,0.302
4.7859946625249625,0.502,0.196,0.302
4.788203926430578,0.501,0.196,0.303
4.788485473517433,0.502,0.195,0.303
4.797498929719557,0.503,0.194,0.303
4.798958038013145,0.504,0.193,0.303
4.802365522249967,0.505,0.192,0.303
4.802669131277749,0.504,0.192,0.304
4.804865855978935,0.503,0.192,0.305
4.8050428524176585,0.504,0.191,0.305
4.806061224894398,0.505,0.19,0.305
4.809063583202997,0.506,0.189,0.305
4.810050379273394,0.507,0.188,0.305
4.810387407394339,0.508,0.188,0.304
4.810823290496034,0.509,0.187,0.304
4.815424938581279,0.51,0.186,0.304
4.81653079351861,0.509,0.186,0.305
4.820665407996862,0.51,0.185,0.305
4.829750771918345,0.511,0.184,0.305
4.830619648608393,0.512,0.184,0.304
4.835321387898177,0.513,0.184,0.303
4.8367671523680755,0.512,0.184,0.304
4.844741529365747,0.511,0.184,0.305
4.844970560782328,0.51,0.184,0.306
4.84810145287797,0.509,0.184,0.307
4.851610100879286,0.508,0.185,0.307
4.855303483553953,0.509,0.184,0.307
4.858818663445897,0.51,0.183,0.307
4.864647450260312,0.509,0.183,0.308
4.871236970074859,0.51,0.182,0.308
4.873101996353982,0.511,0.182,0.307
4.873626177983882,0.51,0.182,0.308
4.878629666919263,0.511,0.181,0.308
4.878828751480204,0.51,0.181,0.309
4.879986813178768,0.509,0.182,0.309
4.887561403214264,0.508,0.182,0.31
4.8891318143174,0.509,0.181,0.31
4.891515228452528,0.508,0.182,0.31
4.894361088204769,0.507,0.183,0.31
4.8963299463823935,0.508,0.182,0.31
4.904342798934331,0.507,0.183,0.31
4.908487444400658,0.508,0.182,0.31
4.909810985689997,0.509,0.181,0.31
4.910187329049924,0.51,0.18,0.31
4.911979695519145,0.511,0.179,0.31
4.912864403569194,0.51,0.18,0.31
4.913389504335653,0.511,0.179,0.31
4.914159317457515,0.512,0.178,0.31
4.917049215869209,0.511,0.178,0.311
4.917347696789419,0.512,0.177,0.311
4.921763153136311,0.513,0.176,0.311
4.926535814422747,0.512,0.177,0.311
4.927810916306511,0.511,0.178,0.311
4.937012506713101,0.512,0.177,0.311
4.938723735532859,0.513,0.176,0.311
4.947800013852899,0.514,0.175,0.311
4.96253663379298,0.515,0.174,0.311
4.969146451279162,0.514,0.175,0.311
4.970515560407156,0.513,0.175,0.312
4.9710823887174325,0.514,0.174,0.312
4.973213677014441,0.515,0.173,0.312
4.976835259025669,0.514,0.174,0.312
4.979824478618531,0.515,0.174,0.311
4.981432687819799,0.514,0.175,0.311
4.988281342479088,0.513,0.175,0.312
4.989802937924114,0.512,0.176,0.312
4.993542251832825,0.513,0.175,0.312
4.997290655253801,0.512,0.176,0.312
4.997346674791462,0.513,0.176,0.311
5.001456972040863,0.512,0.177,0.311
5.002037023413802,0.511,0.177,0.312
5.004227593770122,0.512,0.176,0.312
5.0052412458304785,0.511,0.177,0.312
5.008390235960357,0.51,0.177,0.313
5.008485270218269,0.509,0.177,0.314
5.0110122526135195,0.51,0.176,0.314
5.014096048982211,0.511,0.175,0.314
5.016032516906722,0.512,0.175,0.313
5.0160923579120675,0.513,0.175,0.312
5.0185919514011115,0.514,0.174,0.312
5.024145993880424,0.513,0.174,0.313
5.025737128089305,0.514,0.173,0.313
5.02855921831301,0.513,0.174,0.313
5.033215592732516,0.514,0.173,0.313
5.035098233978312,0.515,0.172,0.313
5.039211524061226,0.516,0.171,0.313
5.03948126560774,0.515,0.171,0.314
5.03950484164172,0.514,0.172,0.314
5.04383286413821,0.513,0.172,0.315
5.046757384622628,0.514,0.171,0.315
5.053687436115373,0.515,0.17,0.315
5.06201429342163,0.516,0.169,0.315
5.062879751531596,0.517,0.169,0.314
5.065378443781453,0.518,0.168,0.314
5.069792841690043,0.517,0.169,0.314
5.071406778328424,0.516,0.169,0.315
5.074526924291106,0.517,0.168,0.315
5.075728804261281,0.518,0.167,0.315
5.077377187691196,0.517,0.168,0.315
5.079290744361017,0.518,0.168,0.314
5.084862572060362,0.517,0.168,0.315
5.0891639030968925,0.518,0.167,0.315
5.090081273594908,0.519,0.166,0.315
5.092249637854206,0.52,0.165,0.315
5.095220015613897,0.519,0.165,0.316
5.095337403576164,0.52,0.164,0.316
5.100189467910827,0.519,0.164,0.317
5.102148982529721,0.52,0.163,0.317
5.103731987413779,0.521,0.162,0.317
5.103736779128612,0.52,0.162,0.318
5.104172656063781,0.521,0.162,0.317
5.104599947845818,0.52,0.162,0.318
5.107055667640072,0.519,0.162,0.319
5.116084569716974,0.52,0.161,0.319
5.118862662236317,0.521,0.16,0.319
5.120381814470268,0.522,0.16,0.318
5.128641265579229,0.523,0.159,0.318
5.130616477247524,0.522,0.159,0.319
5.133321567025116,0.521,0.159,0.32
5.133408996487966,0.52,0.16,0.32
5.133703543062336,0.519,0.161,0.32
5.1369776575490045,0.518,0.161,0.321
5.137608293748695,0.517,0.162,0.321
5.13921927587967,0.518,0.161,0.321
5.141018635691289,0.519,0.16,0.321
5.141296626017357,0.52,0.159,0.321
5.143172114001909,0.519,0.16,0.321
5.153621523030098,0.52,0.159,0.321
5.154701236159971,0.521,0.158,0.321
5.157055292202846,0.52,0.158,0.322
5.158203209134459,0.519,0.159,0.322
5.158259278557057,0.518,0.159,0.323
5.160189575792111,0.517,0.16,0.323
5.1619291964116725,0.518,0.159,0.323
5.166037639998314,0.517,0.159,0.324
5.168312894905691,0.518,0.158,0.324
5.170298195212629,0.517,0.158,0.325
5.174801668886257,0.516,0.159,0.325
5.181094833328358,0.515,0.159,0.326
5.188108639295412,0.514,0.159,0.327
5.197274877106441,0.515,0.159,0.326
5.197616237314671,0.514,0.159,0.327
5.202461656873897,0.515,0.159,0.326
5.203282428919497,0.514,0.159,0.327
5.203653585641257,0.513,0.159,0.328
5.204275342954768,0.512,0.159,0.329
5.210423627007063,0.511,0.159,0.33
5.212496961859967,0.512,0.158,0.33
5.215740363011178,0.513,0.158,0.329
5.220713262556133,0.514,0.157,0.329
5.227139456117223,0.513,0.157,0.33
5.234269656759051,0.512,0.158,0.33
5.235952419237605,0.513,0.157,0.33
5.238513387425606,0.512,0.157,0.331
5.242924895879091,0.513,0.156,0.331
5.245275797549153,0.514,0.155,0.331
5.248313653319939,0.515,0.154,0.331
5.248607988678904,0.514,0.154,0.332
5.24866299302761,0.515,0.153,0.332
5.252737513008296,0.514,0.154,0.332
5.267140983357714,0.515,0.154,0.331
5.27374531868223,0.516,0.153,0.331
5.274225755998622,0.517,0.152,0.331
5.27597349351281,0.516,0.152,0.332
5.282769314230824,0.517,0.151,0.332
5.284833006821644,0.518,0.15,0.332
5.287928547909028,0.519,0.149,0.332
5.30006774723251,0.52,0.148,0.332
5.301690830133213,0.519,0.148,0.333
5.302283351516535,0.518,0.148,0.334
5.306588397724827,0.519,0.148,0.333
5.312252278768252,0.52,0.148,0.332
5.312850585281961,0.519,0.148,0.333
5.321190179353154,0.52,0.147,0.333
5.321647182883418,0.519,0.147,0.334
5.324822961508408,0.52,0.147,0.333
5.332888719116634,0.519,0.147,0.334
5.333852654461832,0.52,0.146,0.334
5.335123687643234,0.519,0.147,0.334
5.336348592332046,0.518,0.148,0.334
5.342458666170742,0.517,0.148,0.335
5.349848950295721,0.516,0.148,0.336
5.361164118018131,0.515,0.149,0.336
5.362846823242977,0.514,0.15,0.336
5.363935551306347,0.515,0.149,0.336
5.364582038706222,0.514,0.149,0.337
5.3647259543072385,0.515,0.148,0.337
5.365431719231607,0.516,0.147,0.337
5.365833737774579,0.515,0.147,0.338
5.36979965973857,0.516,0.146,0.338
5.371846433313259,0.517,0.146,0.337
5.372248908861575,0.518,0.145,0.337
5.372298690762029,0.517,0.145,0.338
5.375165185219588,0.516,0.146,0.338
5.379732150371451,0.517,0.145,0.338
5.380604718102189,0.518,0.144,0.338
5.381152676108202,0.519,0.143,0.338
5.38214217002408,0.52,0.142,0.338
5.38326224902601,0.521,0.142,0.337
5.3876693482486635,0.522,0.141,0.337
5.392438954840503,0.523,0.14,0.337
5.397228672275284,0.522,0.14,0.338
5.401480324559988,0.523,0.139,0.338
5.402724140187303,0.524,0.138,0.338
5.407162891890592,0.525,0.137,0.338
5.40769568428032,0.526,0.136,0.338
5.414788568597147,0.525,0.137,0.338
5.417646355407874,0.526,0.136,0.338
5.42263131303322,0.527,0.135,0.338
5.42279260876773,0.528,0.134,0.338
5.424637198076869,0.527,0.135,0.338
5.427998807564423,0.528,0.134,0.338
5.434838053942222,0.529,0.134,0.337
5.443010799256442,0.528,0.135,0.337
5.444592232865607,0.529,0.134,0.337
5.448313033780303,0.53,0.134,0.336
5.449051339538908,0.531,0.134,0.335
5.449851589855026,0.53,0.135,0.335
5.457196723570879,0.529,0.135,0.336
5.457683520984822,0.528,0.135,0.337
5.457890641275964,0.529,0.134,0.337
5.459594641146204,0.53,0.134,0.336
5.468898446963306,0.531,0.134,0.335
5.474541899420537,0.532,0.133,0.335
