time,f0,f1,f2
0.0,1.0,0.0,0.0
0.012005207164394908,0.999,0.0,0.001
0.014817485447584412,0.998,0.0,0.002
0.023991069434798947,0.997,0.0,0.003
0.02740325908796439,0.996,0.001,0.003
0.02861180620422755,0.995,0.001,0.004
0.028612246014091052,0.994,0.001,0.005
0.04035758611226109,0.993,0.001,0.006
0.04728315941386017,0.992,0.002,0.006
0.08337336448629207,0.991,0.003,0.006
0.10536915130155244,0.99,0.003,0.007
0.10951074634536169,0.989,0.004,0.007
0.10956506355138304,0.988,0.004,0.008
0.11921160157014402,0.987,0.004,0.009
0.12093634378639383,0.986,0.005,0.009
0.1257147535063226,0.985,0.005,0.01
0.13393529616083535,0.984,0.005,0.011
0.13534617038533342,0.983,0.005,0.012
0.13659473491590224,0.982,0.006,0.012
0.14284428316271294,0.981,0.007,0.012
0.1446639693746714,0.98,0.007,0.013
0.15289518882516442,0.979,0.008,0.013
0.16142041439336438,0.978,0.009,0.013
0.16198720961931218,0.977,0.01,0.013
0.1623881154949649,0.976,0.011,0.013
0.16371030584331758,0.975,0.011,0.014
0.16510921698280023,0.974,0.011,0.015
0.18067832740435663,0.973,0.012,0.015
0.1837930532453672,0.972,0.013,0.015
0.1959809331430925,0.971,0.013,0.016
0.2017401038566504,0.97,0.014,0.016
0.21181069363339367,0.969,0.015,0.016
0.2139798893074511,0.968,0.015,0.017
0.21517960408277004,0.967,0.016,0.017
0.21597968357621097,0.966,0.016,0.018
0.22246274807604036,0.965,0.016,0.019
0.22397577728041765,0.964,0.017,0.019
0.22853841240117867,0.963,0.018,0.019
0.24584222431007385,0.962,0.019,0.019
0.2499986454269271,0.961,0.02,0.019
0.2558242173660935,0.96,0.021,0.019
0.25847057362823606,0.959,0.021,0.02
0.2613361609675904,0.958,0.022,0.02
0.27143880514132884,0.957,0.022,0.021
0.3010500150922571,0.956,0.022,0.022
0.3099614213149387,0.955,0.023,0.022
0.31066857532033687,0.954,0.023,0.023
0.31125884759861216,0.953,0.024,0.023
0.31437937256291193,0.952,0.024,0.024
0.33054621198451584,0.951,0.024,0.025
0.35459780896898874,0.95,0.024,0.026
0.3585391098412399,0.949,0.025,0.026
0.3691608788399482,0.948,0.026,0.026
0.37091301482597455,0.947,0.026,0.027
0.3760041204552274,0.946,0.027,0.027
0.3865152614671061,0.945,0.027,0.028
0.3882637423323409,0.944,0.028,0.028
0.397549323951332,0.943,0.029,0.028
0.4137137655570686,0.942,0.029,0.029
0.41478429257540367,0.941,0.03,0.029
0.4188713160073367,0.94,0.031,0.029
0.4195504844670912,0.939,0.031,0.03
0.435420618200236,0.938,0.031,0.031
0.44182269954465053,0.937,0.032,0.031
0.4431275515525755,0.936,0.033,0.031
0.4523339659791216,0.935,0.033,0.032
0.4541820778986436,0.934,0.033,0.033
0.4547027949391159,0.933,0.033,0.034
0.460185922460795,0.932,0.034,0.034
0.46906292633737945,0.931,0.034,0.035
0.4696495809967442,0.93,0.035,0.035
0.49725581584508655,0.929,0.035,0.036
0.5012607821353274,0.928,0.035,0.037
0.5058568055266878,0.927,0.036,0.037
0.5113142260148963,0.926,0.036,0.038
0.5170079960720952,0.925,0.036,0.039
0.5180362428450861,0.924,0.037,0.039
0.5185856485323849,0.923,0.037,0.04
0.535400546052903,0.922,0.038,0.04
0.5495747522181238,0.921,0.038,0.041
0.5567027552520821,0.92,0.039,0.041
0.5655333141180573,0.919,0.04,0.041
0.5656410433630762,0.918,0.04,0.042
0.5715051209543542,0.917,0.041,0.042
0.5914642166955545,0.916,0.041,0.043
0.5980153429934255,0.915,0.042,0.043
0.5985697682739084,0.914,0.042,0.044
0.6026340811391198,0.913,0.042,0.045
0.6037790887417736,0.912,0.043,0.045
0.6066514717159786,0.911,0.043,0.046
0.6179093281463489,0.91,0.044,0.046
0.6241574063919079,0.909,0.045,0.046
0.637332865797881,0.908,0.045,0.047
0.6380804987334305,0.907,0.046,0.047
0.6480972563270042,0.906,0.046,0.048
0.6586541193343479,0.905,0.046,0.049
0.6790504674991364,0.906,0.045,0.049
0.6809955984670062,0.905,0.046,0.049
0.7061113917861386,0.904,0.047,0.049
0.7063570510479892,0.903,0.047,0.05
0.7272094929876016,0.902,0.047,0.051
0.7280762806391308,0.901,0.047,0.052
0.7283965060363585,0.9,0.047,0.053
0.7331464405784812,0.899,0.048,0.053
0.734111571153768,0.9,0.048,0.052
0.7380568520171881,0.899,0.049,0.052
0.7560769937052817,0.898,0.05,0.052
0.7579742172115999,0.897,0.051,0.052
0.7930377703413781,0.896,0.052,0.052
0.7947173631028513,0.895,0.052,0.053
0.7991150331279703,0.894,0.052,0.054
0.8011321810081331,0.893,0.053,0.054
0.8049715317979689,0.892,0.053,0.055
0.8095306688724908,0.891,0.053,0.056
0.8109747482369752,0.89,0.053,0.057
0.8183911513615202,0.889,0.054,0.057
0.8445771712820284,0.888,0.055,0.057
0.8568736285318959,0.889,0.055,0.056
0.8577275832546076,0.888,0.056,0.056
0.8618834530545847,0.887,0.056,0.057
0.8696203799320407,0.886,0.057,0.057
0.8918528797231802,0.885,0.057,0.058
0.9089807736543017,0.884,0.058,0.058
0.9128080348371584,0.883,0.059,0.058
0.9159315751002222,0.882,0.059,0.059
0.9301936058043837,0.881,0.059,0.06
0.9420393030940256,0.88,0.06,0.06
0.9494050614138874,0.879,0.061,0.06
0.9542047997046063,0.878,0.061,0.061
0.9567144248491892,0.877,0.061,0.062
0.9577106380536652,0.876,0.062,0.062
0.9602903478946415,0.875,0.063,0.062
0.9623482485725089,0.874,0.063,0.063
0.962708341714384,0.873,0.064,0.063
0.9733894553189394,0.872,0.064,0.064
0.9975777282797783,0.871,0.065,0.064
1.0015778796317498,0.87,0.065,0.065
1.008714995051068,0.869,0.066,0.065
1.0334040502839998,0.868,0.067,0.065
1.038773685226439,0.867,0.067,0.066
1.0403462966432266,0.866,0.068,0.066
1.0406278330533743,0.865,0.068,0.067
1.0459945620867936,0.864,0.068,0.068
1.0515978403460091,0.863,0.069,0.068
1.0619347098150402,0.862,0.07,0.068
1.0694475527645209,0.861,0.07,0.069
1.0738257265270186,0.86,0.07,0.07
1.0804296745229651,0.859,0.07,0.071
1.080483351309328,0.858,0.07,0.072
1.082149514023183,0.857,0.07,0.073
1.0879318122993795,0.856,0.07,0.074
1.0884188665757986,0.855,0.07,0.075
1.0947014115069689,0.854,0.071,0.075
1.0991499821286475,0.853,0.072,0.075
1.1181303931835926,0.852,0.073,0.075
1.1208629237483074,0.851,0.074,0.075
1.1303886979984727,0.85,0.074,0.076
1.1314563248974472,0.849,0.074,0.077
1.1394048587366172,0.848,0.075,0.077
1.1418229334668422,0.847,0.075,0.078
1.1452301030951892,0.846,0.075,0.079
1.1503223976839956,0.845,0.075,0.08
1.1537792877025808,0.844,0.076,0.08
1.154293521549432,0.843,0.077,0.08
1.1562288163675924,0.842,0.077,0.081
1.1591718218792275,0.841,0.077,0.082
1.174601159720823,0.84,0.077,0.083
1.1806665613767822,0.839,0.077,0.084
1.1841879680630047,0.838,0.078,0.084
1.1931378798545236,0.837,0.078,0.085
1.1947052297158054,0.836,0.078,0.086
1.20411650177673,0.835,0.078,0.087
1.2165027354990006,0.834,0.079,0.087
1.2320640994225607,0.833,0.08,0.087
1.2324029204392126,0.832,0.08,0.088
1.2387329762585504,0.831,0.081,0.088
1.2422082487758088,0.83,0.082,0.088
1.2422249220462183,0.829,0.082,0.089
1.243452969362057,0.828,0.083,0.089
1.2436696332219797,0.827,0.084,0.089
1.261488606828957,0.826,0.084,0.09
1.2641195972715011,0.825,0.084,0.091
1.2782970261324433,0.824,0.085,0.091
1.2814030678127555,0.823,0.086,0.091
1.2850929583699344,0.822,0.087,0.091
1.2946652271134158,0.821,0.088,0.091
1.3007467770154042,0.82,0.088,0.092
1.3144772471125563,0.819,0.088,0.093
1.3216931602441762,0.818,0.088,0.094
1.325862347193176,0.817,0.088,0.095
1.3298118580307723,0.816,0.089,0.095
1.3315529930062322,0.815,0.09,0.095
1.3362413711362382,0.814,0.091,0.095
1.3472612875304248,0.813,0.091,0.096
1.353228076819945,0.812,0.092,0.096
1.35881700186467,0.811,0.092,0.097
1.3595215103683196,0.812,0.092,0.096
1.3681638055786325,0.811,0.092,0.097
1.3689583285571267,0.81,0.092,0.098
1.3689921244080634,0.809,0.093,0.098
1.380137228038487,0.81,0.092,0.098
1.3879662114835198,0.809,0.093,0.098
1.3932953529165062,0.808,0.094,0.098
1.3972692032081424,0.807,0.095,0.098
1.3992173529392193,0.806,0.095,0.099
1.4004744232900608,0.805,0.095,0.1
1.408947676812351,0.806,0.094,0.1
1.4122368545928532,0.805,0.095,0.1
1.4174138211297551,0.804,0.095,0.101
1.4227456472035047,0.803,0.095,0.102
1.4264917533603991,0.802,0.095,0.103
1.426507419985662,0.801,0.095,0.104
1.4285762088833978,0.8,0.096,0.104
1.4325554982294653,0.801,0.095,0.104
1.4337413627750797,0.8,0.096,0.104
1.4362033198244946,0.799,0.096,0.105
1.4384482114125134,0.798,0.096,0.106
1.4410000470610151,0.797,0.097,0.106
1.4429486129626683,0.798,0.096,0.106
1.4504555676787658,0.797,0.096,0.107
1.4661719227959635,0.796,0.097,0.107
1.467177453194334,0.795,0.097,0.108
1.4679699100302452,0.794,0.097,0.109
1.4766046324384665,0.793,0.097,0.11
1.477410793472716,0.792,0.098,0.11
1.4905570616983792,0.791,0.099,0.11
1.491751208627028,0.792,0.098,0.11
1.5140142678142614,0.791,0.099,0.11
1.5216019750749157,0.79,0.1,0.11
1.5252337252718535,0.791,0.099,0.11
1.5366035530350992,0.79,0.1,0.11
1.5441204885022786,0.789,0.1,0.111
1.5536678279988898,0.788,0.1,0.112
1.5597849002886373,0.787,0.1,0.113
1.5922475936619047,0.786,0.1,0.114
1.5948047932834697,0.785,0.101,0.114
1.5994884316050404,0.786,0.1,0.114
1.6026925069803275,0.785,0.101,0.114
1.6108718370966453,0.784,0.102,0.114
1.6319511614467552,0.783,0.103,0.114
1.636015002028243,0.784,0.102,0.114
1.6491662412342527,0.783,0.103,0.114
1.6671055408782076,0.782,0.103,0.115
1.669572675343344,0.783,0.102,0.115
1.6712627426113724,0.782,0.102,0.116
1.6737734384561627,0.781,0.102,0.117
1.6860209005082396,0.78,0.103,0.117
1.6906437314937468,0.779,0.103,0.118
1.6937690470620324,0.778,0.103,0.119
1.6966278614581032,0.777,0.103,0.12
1.7019537996779612,0.776,0.104,0.12
1.7031402145931216,0.775,0.104,0.121
1.7087300249999413,0.776,0.104,0.12
1.7132903590110313,0.777,0.103,0.12
1.7195914150816152,0.776,0.104,0.12
1.7205538194298549,0.777,0.103,0.12
1.7333991769272281,0.776,0.103,0.121
1.7366447263562552,0.775,0.104,0.121
1.742303886475319,0.774,0.105,0.121
1.743858730508037,0.773,0.105,0.122
1.755189010098033,0.772,0.105,0.123
1.774324992861311,0.771,0.106,0.123
1.776897181698627,0.77,0.107,0.123
1.7809612997954976,0.769,0.107,0.124
1.7848354802219366,0.768,0.107,0.125
1.7857385581799596,0.767,0.108,0.125
1.7867122151629846,0.766,0.108,0.126
1.7930253309669644,0.765,0.109,0.126
1.7993913175787781,0.764,0.11,0.126
1.805390941052579,0.763,0.11,0.127
1.8094673740216678,0.764,0.109,0.127
1.8120866808643472,0.763,0.11,0.127
1.8252631757124598,0.762,0.11,0.128
1.826485492889898,0.761,0.111,0.128
1.8296985235658052,0.76,0.112,0.128
1.8349535286755507,0.759,0.112,0.129
1.8386578550070285,0.758,0.113,0.129
1.8403713253317773,0.759,0.113,0.128
1.8438342010162354,0.758,0.114,0.128
1.8446723446061073,0.757,0.114,0.129
1.846537479415938,0.756,0.115,0.129
1.8535642937461054,0.755,0.115,0.13
1.8635920437149458,0.754,0.116,0.13
1.8657567091086438,0.753,0.116,0.131
1.872451651148496,0.752,0.116,0.132
1.8803162917560199,0.751,0.116,0.133
1.8834368689135754,0.75,0.116,0.134
1.891955298072463,0.749,0.117,0.134
1.905745088972794,0.748,0.118,0.134
1.911531584088164,0.747,0.119,0.134
1.9137526235784323,0.746,0.119,0.135
1.9141497447413212,0.745,0.119,0.136
1.9225045548888673,0.744,0.12,0.136
1.9245738070864487,0.743,0.12,0.137
1.9247978065773645,0.742,0.12,0.138
1.9295709015292029,0.741,0.12,0.139
1.936814438323175,0.74,0.12,0.14
1.9448290144815172,0.739,0.121,0.14
1.9473032293228576,0.738,0.122,0.14
1.9521937841485566,0.737,0.122,0.141
1.9525564960580923,0.736,0.122,0.142
1.9548823768716095,0.735,0.122,0.143
1.9612318151000507,0.736,0.122,0.142
1.9639948860061989,0.737,0.122,0.141
1.9653861725467834,0.736,0.123,0.141
1.9701989778506206,0.735,0.124,0.141
1.9791123738124077,0.734,0.124,0.142
1.9818267900204953,0.735,0.123,0.142
1.9948393743504254,0.734,0.123,0.143
1.995343289657265,0.733,0.124,0.143
2.0003101075960985,0.732,0.124,0.144
2.0088717274554204,0.731,0.124,0.145
2.016137964991836,0.73,0.125,0.145
2.026636909104766,0.729,0.126,0.145
2.0286570716471646,0.728,0.126,0.146
2.0446433214205366,0.727,0.127,0.146
2.0486601748720275,0.728,0.126,0.146
2.0545280858648636,0.727,0.127,0.146
2.0612243125432594,0.726,0.128,0.146
2.067360133168884,0.727,0.127,0.146
2.0692704679450213,0.726,0.127,0.147
2.07216624820196,0.725,0.127,0.148
2.0832160341697468,0.724,0.127,0.149
2.0883283932183083,0.725,0.126,0.149
2.1060569949916403,0.724,0.126,0.15
2.13585306583181,0.723,0.127,0.15
2.143667205350947,0.722,0.128,0.15
2.152141407218919,0.721,0.128,0.151
2.1547056833267906,0.72,0.129,0.151
2.161907844508653,0.719,0.13,0.151
2.1691716686771216,0.718,0.13,0.152
2.173419245915329,0.717,0.131,0.152
2.175124250659031,0.716,0.132,0.152
2.176749606231438,0.715,0.133,0.152
2.178026595311539,0.714,0.134,0.152
2.18458032885833,0.715,0.134,0.151
2.185033131012273,0.714,0.135,0.151
2.188923034913042,0.713,0.135,0.152
2.1900175442175343,0.712,0.135,0.153
2.1956827598072413,0.713,0.134,0.153
2.2032475708104364,0.712,0.134,0.154
2.2092768464104644,0.711,0.135,0.154
2.2094491995335552,0.71,0.136,0.154
2.215203655506062,0.709,0.137,0.154
2.217818044620123,0.708,0.138,0.154
2.2249692024996928,0.707,0.138,0.155
2.226556521904074,0.706,0.139,0.155
2.2274762803135513,0.705,0.139,0.156
2.2430638887977485,0.706,0.138,0.156
2.2433810568657675,0.705,0.138,0.157
2.2508920157939616,0.704,0.138,0.158
2.256301475341127,0.703,0.139,0.158
2.2605011666779626,0.702,0.14,0.158
2.2670566002108634,0.701,0.141,0.158
2.271506530306055,0.7,0.142,0.158
2.2719701184881704,0.699,0.143,0.158
2.2721171792909147,0.698,0.144,0.158
2.2816258399462614,0.697,0.145,0.158
2.291988579903881,0.696,0.145,0.159
2.293876710801454,0.695,0.145,0.16
2.302150636019654,0.694,0.145,0.161
2.305646833342593,0.693,0.146,0.161
2.316378478073292,0.692,0.146,0.162
2.316745227575448,0.693,0.146,0.161
2.3173675513776706,0.692,0.147,0.161
2.320786283595663,0.691,0.147,0.162
2.337813311697756,0.692,0.146,0.162
2.34019206701574,0.691,0.146,0.163
2.342042347148803,0.69,0.147,0.163
2.3469042899304484,0.689,0.148,0.163
2.3477468517866,0.688,0.148,0.164
2.353206263815521,0.687,0.149,0.164
2.3748101552782357,0.686,0.149,0.165
2.3751522970772676,0.685,0.15,0.165
2.387193631041842,0.684,0.151,0.165
2.3881151582968845,0.683,0.151,0.166
2.3919044521310284,0.684,0.151,0.165
2.3931826773341114,0.683,0.152,0.165
2.3960895380831317,0.682,0.153,0.165
2.402531021266291,0.681,0.154,0.165
2.407295134678892,0.68,0.155,0.165
2.4084644971512814,0.679,0.156,0.165
2.408511035318966,0.678,0.156,0.166
2.409677956147822,0.677,0.157,0.166
2.414469775297466,0.676,0.157,0.167
2.4174321807435244,0.675,0.158,0.167
2.417514327835599,0.676,0.157,0.167
2.418631030725547,0.675,0.158,0.167
2.4289167645852827,0.676,0.158,0.166
2.4289441440110004,0.675,0.159,0.166
2.4398793989638805,0.674,0.159,0.167
2.4422853566873193,0.673,0.159,0.168
2.456989620936772,0.672,0.16,0.168
2.4619947643208544,0.671,0.161,0.168
2.4676117106083266,0.67,0.162,0.168
2.4680106929578582,0.669,0.163,0.168
2.4694202227907756,0.668,0.164,0.168
2.4748625714714416,0.667,0.165,0.168
2.4758554616533885,0.668,0.165,0.167
2.4853951450861,0.667,0.165,0.168
2.489353531009491,0.666,0.166,0.168
2.4908649926354394,0.665,0.167,0.168
2.516359965324672,0.664,0.168,0.168
2.5190637916292373,0.663,0.168,0.169
2.540034862810848,0.662,0.169,0.169
2.542292195120146,0.661,0.169,0.17
2.550939864511085,0.66,0.169,0.171
2.556004476658076,0.659,0.169,0.172
2.5721356335401424,0.658,0.169,0.173
2.573973094998026,0.657,0.17,0.173
2.5764531467881584,0.656,0.171,0.173
2.581677577800914,0.657,0.17,0.173
2.582716979998401,0.658,0.17,0.172
2.586594959500803,0.657,0.171,0.172
2.587358752174968,0.656,0.171,0.173
2.5937765082426503,0.657,0.171,0.172
2.5950858219469426,0.656,0.172,0.172
2.595478903722773,0.655,0.172,0.173
2.5954870697182417,0.654,0.173,0.173
2.603529726831106,0.653,0.174,0.173
2.6059620096555975,0.652,0.174,0.174
2.6060025970194425,0.651,0.175,0.174
2.609025327520289,0.65,0.175,0.175
2.615963917571666,0.649,0.176,0.175
2.633019532495839,0.648,0.177,0.175
2.652991789524995,0.649,0.176,0.175
2.658129371003378,0.648,0.176,0.176
2.6674553878198997,0.647,0.176,0.177
2.6679884069862396,0.648,0.176,0.176
2.6760844444881675,0.649,0.176,0.175
2.6761212454260788,0.65,0.176,0.174
2.6774162014954466,0.651,0.176,0.173
2.6806628309774374,0.65,0.176,0.174
2.6824636195420584,0.649,0.177,0.174
2.683089732139915,0.648,0.178,0.174
2.6962374468383916,0.649,0.177,0.174
2.6971808853388235,0.648,0.177,0.175
2.7051557765171363,0.647,0.178,0.175
2.7069637804745454,0.646,0.178,0.176
2.7084230336469113,0.645,0.179,0.176
2.709145007567755,0.644,0.18,0.176
2.711309114562011,0.643,0.181,0.176
2.711682367846489,0.642,0.181,0.177
2.714579662904789,0.641,0.182,0.177
2.7233571898359306,0.64,0.182,0.178
2.725718437105666,0.639,0.182,0.179
2.7273723930209877,0.638,0.182,0.18
2.7276956075936103,0.637,0.183,0.18
2.7378349537410807,0.636,0.184,0.18
2.739009043274979,0.635,0.184,0.181
2.7398671166859785,0.634,0.185,0.181
2.7457421299172893,0.635,0.185,0.18
2.748708719478013,0.634,0.185,0.181
2.7492303673466147,0.633,0.185,0.182
2.75245177437939,0.632,0.186,0.182
2.754090997195784,0.631,0.187,0.182
2.7578382986350367,0.63,0.188,0.182
2.7650612041003715,0.629,0.189,0.182
2.766900902656218,0.628,0.189,0.183
2.7693495059521798,0.627,0.19,0.183
2.7699970554585813,0.626,0.19,0.184
2.7758245838051097,0.625,0.191,0.184
2.7809934966091854,0.624,0.191,0.185
2.781695406004359,0.623,0.192,0.185
2.787975976709309,0.622,0.193,0.185
2.7898744488173692,0.621,0.193,0.186
2.805584239459126,0.62,0.194,0.186
2.810304088215125,0.619,0.194,0.187
2.8144339190897116,0.618,0.195,0.187
2.820170763216462,0.617,0.196,0.187
2.8261745909833826,0.616,0.197,0.187
2.8379612885760164,0.615,0.198,0.187
2.8400928974677897,0.614,0.198,0.188
2.849749026399859,0.613,0.198,0.189
2.8516429045026093,0.612,0.199,0.189
2.857951546668304,0.611,0.199,0.19
2.862608734077538,0.612,0.199,0.189
2.863254432539044,0.611,0.2,0.189
2.8748857393087093,0.61,0.201,0.189
2.8828003829728477,0.609,0.201,0.19
2.8848990274457456,0.61,0.2,0.19
2.8916781010088384,0.611,0.199,0.19
2.897281513107306,0.61,0.2,0.19
2.8993568258355054,0.609,0.2,0.191
2.9004248561133736,0.608,0.201,0.191
2.9004712901458283,0.607,0.201,0.192
2.9070919666047557,0.606,0.201,0.193
2.9072314696608554,0.605,0.201,0.194
2.912028310311434,0.604,0.201,0.195
2.9168215240294098,0.603,0.202,0.195
2.9215466322955526,0.602,0.202,0.196
2.9247734408624577,0.601,0.203,0.196
2.9274311796940333,0.6,0.203,0.197
2.937019329405346,0.599,0.204,0.197
2.944481091311078,0.598,0.205,0.197
2.948945598201802,0.599,0.204,0.197
2.9519878245573854,0.598,0.205,0.197
2.95452657521128,0.597,0.205,0.198
2.960756213261068,0.596,0.206,0.198
2.967643637140144,0.595,0.206,0.199
2.968160021688606,0.594,0.207,0.199
2.974182815819463,0.593,0.207,0.2
2.9750357223412323,0.592,0.207,0.201
2.9909222847917265,0.593,0.207,0.2
2.9956055105216457,0.592,0.208,0.2
3.002124139241527,0.591,0.208,0.201
3.0046283666503864,0.59,0.209,0.201
3.0049752225302107,0.589,0.209,0.202
3.005676780968811,0.588,0.209,0.203
3.0087371441669872,0.587,0.21,0.203
3.019518257677777,0.586,0.21,0.204
3.0209822131447814,0.585,0.211,0.204
3.028180440120106,0.584,0.212,0.204
3.0310007638514724,0.583,0.213,0.204
3.0349772601246596,0.582,0.213,0.205
3.0384077045532085,0.581,0.213,0.206
3.0416479719002805,0.58,0.214,0.206
3.0437784724868187,0.581,0.214,0.205
3.047485508262587,0.58,0.215,0.205
3.0506539813888893,0.579,0.215,0.206
3.0604056489121243,0.578,0.215,0.207
3.063465495609474,0.577,0.216,0.207
3.072045128219824,0.578,0.216,0.206
3.079850491957519,0.577,0.217,0.206
3.0883417891187546,0.576,0.217,0.207
3.0892485607091387,0.575,0.217,0.208
3.0917080526084773,0.576,0.217,0.207
3.095128655578014,0.575,0.218,0.207
3.0961283307339804,0.574,0.218,0.208
3.123968615317605,0.573,0.219,0.208
3.1287652507417296,0.572,0.22,0.208
3.130542336498373,0.571,0.221,0.208
3.1310358364414874,0.57,0.222,0.208
3.132408171852916,0.569,0.223,0.208
3.1440804999721674,0.568,0.224,0.208
3.146762843742379,0.567,0.225,0.208
3.167383041147991,0.566,0.225,0.209
3.1778378850395574,0.565,0.225,0.21
3.177910228410068,0.564,0.226,0.21
3.182082399518068,0.563,0.227,0.21
3.187372422313733,0.562,0.228,0.21
3.1891879132218737,0.561,0.228,0.211
3.191785069564812,0.562,0.228,0.21
3.194289969779882,0.561,0.228,0.211
3.200609166877832,0.56,0.229,0.211
3.2014951907035996,0.559,0.229,0.212
3.211648834772379,0.56,0.229,0.211
3.226442747514047,0.559,0.229,0.212
3.2267218255998498,0.558,0.23,0.212
3.2344698439163584,0.557,0.23,0.213
3.241011083734244,0.556,0.231,0.213
3.2501396901858786,0.555,0.232,0.213
3.2550172546937235,0.554,0.233,0.213
3.2578007578665136,0.553,0.233,0.214
3.2634263745230756,0.552,0.233,0.215
3.2741259530713958,0.553,0.232,0.215
3.2897261535656224,0.552,0.232,0.216
3.292360912086295,0.551,0.232,0.217
3.2991096331343353,0.55,0.232,0.218
3.3022400513859775,0.549,0.232,0.219
3.3163048066893914,0.55,0.232,0.218
3.3190753365035595,0.549,0.233,0.218
3.324632702220218,0.548,0.233,0.219
3.328251806292791,0.547,0.233,0.22
3.3297297026207513,0.546,0.233,0.221
3.3311349360088394,0.545,0.233,0.222
3.3430654506971593,0.544,0.234,0.222
3.345079695715265,0.543,0.235,0.222
3.350326844536664,0.542,0.235,0.223
3.362957960946472,0.543,0.234,0.223
3.3641928743168843,0.542,0.235,0.223
3.3653572844993866,0.543,0.235,0.222
3.3839469881531143,0.544,0.235,0.221
3.3873293577083508,0.545,0.234,0.221
3.3878769114223704,0.544,0.234,0.222
3.3881355153583486,0.543,0.235,0.222
3.3944262307898447,0.544,0.234,0.222
3.394648034496574,0.543,0.234,0.223
3.394824650575169,0.542,0.234,0.224
3.3949919928007626,0.541,0.235,0.224
3.406911241766027,0.542,0.235,0.223
3.407055112273523,0.541,0.236,0.223
3.411683264833305,0.542,0.236,0.222
3.4136875864723057,0.541,0.236,0.223
3.414534105588158,0.54,0.237,0.223
3.434802736596011,0.539,0.237,0.224
3.438963131160542,0.538,0.237,0.225
3.445377581559138,0.537,0.238,0.225
3.450989000098252,0.538,0.237,0.225
3.452869004466769,0.537,0.238,0.225
3.453359767750091,0.536,0.238,0.226
3.4544196128019418,0.535,0.239,0.226
3.459650119936629,0.534,0.239,0.227
3.4705424431055687,0.535,0.238,0.227
3.473459692803918,0.536,0.237,0.227
3.4742310170900317,0.535,0.237,0.228
3.4767389592711364,0.534,0.238,0.228
3.48238785339545,0.535,0.237,0.228
3.4888982543812763,0.534,0.238,0.228
3.497650533055195,0.533,0.239,0.228
3.498651865347263,0.532,0.24,0.228
3.5006175195026317,0.533,0.239,0.228
3.5071595046155646,0.532,0.24,0.228
3.521262281385482,0.531,0.24,0.229
3.526599774536425,0.53,0.241,0.229
3.5296176854708508,0.529,0.242,0.229
3.5407659548152,0.528,0.242,0.23
3.563763823924721,0.529,0.241,0.23
3.582720157717829,0.528,0.242,0.23
3.586230734385291,0.527,0.243,0.23
3.590785014923978,0.526,0.243,0.231
3.595338363825266,0.525,0.244,0.231
3.6051297216786584,0.526,0.243,0.231
3.606146862193443,0.525,0.243,0.232
3.6132182799243386,0.524,0.244,0.232
3.61738916131112,0.525,0.243,0.232
3.6174905971701077,0.526,0.243,0.231
3.6291314088173827,0.527,0.242,0.231
3.634479717705434,0.526,0.243,0.231
3.640561935380708,0.525,0.244,0.231
3.6420512315833595,0.524,0.244,0.232
3.64721451571508,0.523,0.244,0.233
3.647468159215309,0.524,0.243,0.233
3.660874417334144,0.523,0.243,0.234
3.6639354729907407,0.522,0.244,0.234
3.664651212072205,0.523,0.243,0.234
3.6769187822693095,0.522,0.243,0.235
3.6773424241470143,0.523,0.242,0.235
3.6799918630783766,0.524,0.241,0.235
3.680042674786017,0.523,0.241,0.236
3.688199286638902,0.522,0.241,0.237
3.688695397807453,0.521,0.241,0.238
3.68883816720244,0.52,0.242,0.238
3.690982826916089,0.519,0.243,0.238
3.7000609705824314,0.518,0.243,0.239
3.708252598473384,0.517,0.244,0.239
3.7132061755164845,0.516,0.244,0.24
3.7217023334612205,0.515,0.244,0.241
3.725722172434128,0.514,0.245,0.241
3.7260632745364317,0.513,0.246,0.241
3.7286600675121955,0.512,0.246,0.242
3.7319528835992184,0.511,0.246,0.243
3.73357523027401,0.512,0.245,0.243
3.7344932357780256,0.513,0.244,0.243
3.7405161831681553,0.512,0.245,0.243
3.743778677034276,0.511,0.246,0.243
3.7448076199611418,0.51,0.246,0.244
3.745959237961675,0.509,0.247,0.244
3.7543521219390485,0.508,0.248,0.244
3.755416356924892,0.507,0.248,0.245
3.7716058649211104,0.506,0.249,0.245
3.778828187680592,0.505,0.25,0.245
3.7834450631797467,0.504,0.25,0.246
3.793190996828623,0.503,0.251,0.246
3.8043482766647347,0.504,0.251,0.245
3.81542408883803,0.503,0.251,0.246
3.8184480777869996,0.502,0.251,0.247
3.8191174047462373,0.501,0.252,0.247
3.8236654502363683,0.5,0.253,0.247
3.8239899983564944,0.499,0.254,0.247
3.833896186435268,0.498,0.255,0.247
3.843303167412798,0.497,0.255,0.248
3.8468456552297474,0.496,0.255,0.249
3.8495665254327136,0.497,0.255,0.248
3.851959754871185,0.496,0.256,0.248
3.8527354295288383,0.495,0.256,0.249
3.854820286056619,0.494,0.257,0.249
3.8616359717589384,0.495,0.256,0.249
3.865773854954051,0.494,0.257,0.249
3.8680646819173767,0.493,0.257,0.25
3.879046721686017,0.492,0.257,0.251
3.8811258866279306,0.491,0.258,0.251
3.8831363914628527,0.492,0.257,0.251
3.8868459283892554,0.493,0.256,0.251
3.889802698288418,0.492,0.257,0.251
3.8920232541155486,0.491,0.257,0.252
3.89421075308115,0.49,0.257,0.253
3.8948445116168826,0.491,0.257,0.252
3.896483579244978,0.49,0.257,0.253
3.899764142919944,0.489,0.257,0.254
3.905022597850409,0.488,0.257,0.255
3.9064217116426567,0.487,0.257,0.256
3.9072640207939524,0.488,0.256,0.256
3.916595252328391,0.489,0.255,0.256
3.9186050206626284,0.49,0.254,0.256
3.9190865566518154,0.489,0.254,0.257
3.91938528992409,0.49,0.253,0.257
3.936231670507246,0.489,0.253,0.258
3.9381158084343664,0.488,0.253,0.259
3.9427571838285256,0.487,0.254,0.259
3.944621442835454,0.486,0.254,0.26
3.9495764576527073,0.487,0.254,0.259
3.9512492559442425,0.488,0.254,0.258
3.958461033971799,0.487,0.255,0.258
3.9589990714029217,0.486,0.255,0.259
3.962261179962996,0.485,0.255,0.26
3.9623868357842316,0.484,0.256,0.26
3.9644745463923305,0.483,0.257,0.26
3.9653743135700825,0.482,0.257,0.261
3.9795541619299106,0.481,0.257,0.262
3.9817423848078053,0.48,0.258,0.262
3.9847145037979126,0.481,0.257,0.262
3.9963015729207094,0.48,0.257,0.263
4.002658409862305,0.479,0.258,0.263
4.010377595880192,0.478,0.259,0.263
4.010701778907692,0.477,0.259,0.264
4.012533891774877,0.476,0.26,0.264
4.018970330523272,0.477,0.26,0.263
4.02521838891664,0.476,0.26,0.264
4.031437418725807,0.475,0.261,0.264
4.0322721781056226,0.476,0.261,0.263
4.035152891300189,0.475,0.262,0.263
4.038273125199323,0.474,0.263,0.263
4.040171080524158,0.473,0.263,0.264
4.05731109591739,0.474,0.262,0.264
4.06352012136701,0.475,0.261,0.264
4.0753316348862,0.474,0.262,0.264
4.088447633276587,0.473,0.263,0.264
4.088630182547904,0.472,0.264,0.264
4.101965636650876,0.473,0.264,0.263
4.105390100545845,0.474,0.263,0.263
4.110436549971765,0.475,0.263,0.262
4.111231510130323,0.476,0.263,0.261
4.118149707490004,0.475,0.263,0.262
4.135662039184644,0.476,0.263,0.261
4.136661010213092,0.475,0.264,0.261
4.137839870745686,0.474,0.264,0.262
4.1443476967322725,0.473,0.265,0.262
4.153104349267559,0.472,0.265,0.263
4.156873333723937,0.471,0.266,0.263
4.1581481644597424,0.472,0.266,0.262
4.169937048780311,0.473,0.266,0.261
4.171617990191322,0.472,0.267,0.261
4.172758301985851,0.471,0.268,0.261
4.177184895329252,0.47,0.269,0.261
4.179813115135173,0.469,0.269,0.262
4.180369078890637,0.47,0.269,0.261
4.1810627310852375,0.469,0.269,0.262
4.191469450009999,0.468,0.27,0.262
4.199003095080257,0.467,0.271,0.262
4.203454160688067,0.466,0.272,0.262
4.205515721078769,0.467,0.271,0.262
4.212673368755994,0.466,0.272,0.262
4.228408972043726,0.465,0.272,0.263
4.230585712030245,0.464,0.272,0.264
4.241620287722697,0.463,0.272,0.265
4.2418346012385495,0.462,0.273,0.265
4.253650631092332,0.461,0.273,0.266
4.261076320223697,0.46,0.274,0.266
4.2632096540568325,0.461,0.273,0.266
4.268484509679826,0.46,0.274,0.266
4.276728299913635,0.459,0.275,0.266
4.277039317947194,0.458,0.275,0.267
4.279976259909415,0.457,0.276,0.267
4.282063756088984,0.458,0.276,0.266
4.285243543894729,0.457,0.276,0.267
4.286246502649822,0.456,0.277,0.267
4.2878587526493135,0.457,0.276,0.267
4.289323719563425,0.456,0.277,0.267
4.297049843147731,0.455,0.278,0.267
4.298732233261374,0.456,0.277,0.267
4.299014914370481,0.455,0.278,0.267
4.31997306776467,0.454,0.279,0.267
4.321075833883232,0.455,0.279,0.266
4.321854518424386,0.454,0.28,0.266
4.32803736818558,0.455,0.279,0.266
4.331505942681772,0.454,0.28,0.266
4.342981226282455,0.453,0.281,0.266
4.343698095183242,0.452,0.281,0.267
4.350884481497739,0.453,0.281,0.266
4.360746259766969,0.452,0.282,0.266
4.368413265878572,0.451,0.282,0.267
4.374336665563982,0.45,0.282,0.268
4.3830338025503925,0.449,0.283,0.268
4.3855769387387715,0.45,0.282,0.268
4.386711635872078,0.449,0.283,0.268
4.396682195337995,0.448,0.284,0.268
4.397851603114866,0.447,0.284,0.269
4.398372182314601,0.446,0.285,0.269
4.40200848469649,0.447,0.284,0.269
4.402856729227987,0.448,0.284,0.268
4.4045704895412285,0.447,0.285,0.268
4.412114337846358,0.446,0.286,0.268
4.4222069342968595,0.445,0.286,0.269
4.423637380030481,0.444,0.287,0.269
4.435776729454538,0.443,0.288,0.269
4.43594739778842,0.442,0.288,0.27
4.457680071558523,0.441,0.289,0.27
4.465230513299771,0.442,0.288,0.27
4.467840022644329,0.443,0.288,0.269
4.468082974205771,0.442,0.289,0.269
4.471785806420694,0.443,0.288,0.269
4.475141534307822,0.442,0.288,0.27
4.476297872335472,0.441,0.289,0.27
4.476547740456875,0.44,0.289,0.271
4.480842964706864,0.439,0.289,0.272
4.481008834114424,0.44,0.288,0.272
4.481421464455997,0.441,0.287,0.272
4.48758284017825,0.44,0.287,0.273
4.4890590093469225,0.441,0.286,0.273
4.496460922067912,0.442,0.286,0.272
4.498122865377466,0.443,0.285,0.272
4.4990245673428735,0.442,0.285,0.273
4.510739608502615,0.441,0.286,0.273
4.513174777861816,0.44,0.286,0.274
4.513416532223629,0.439,0.287,0.274
4.514425660528241,0.438,0.287,0.275
4.516536744716141,0.437,0.288,0.275
4.520633521158619,0.436,0.288,0.276
4.524375141993106,0.435,0.288,0.277
4.539073762288022,0.436,0.288,0.276
4.543880638286487,0.435,0.289,0.276
4.544105323050344,0.436,0.288,0.276
4.546787422209315,0.435,0.288,0.277
4.548310302539705,0.434,0.289,0.277
4.556385319912353,0.433,0.29,0.277
4.562584345814012,0.432,0.291,0.277
4.58205819050669,0.431,0.292,0.277
4.5832492246798955,0.432,0.291,0.277
4.586474755648221,0.433,0.291,0.276
4.586935690549914,0.434,0.29,0.276
4.58796251651529,0.433,0.29,0.277
4.58880649241258,0.434,0.29,0.276
4.590990701627452,0.433,0.291,0.276
4.5919774247117875,0.434,0.291,0.275
4.595816905014697,0.433,0.292,0.275
4.597301602767509,0.434,0.292,0.274
4.61668104075759,0.435,0.291,0.274
4.619422441515228,0.434,0.292,0.274
4.619534862892258,0.433,0.293,0.274
4.62787876251914,0.434,0.292,0.274
4.638516126842522,0.433,0.292,0.275
4.64577260341666,0.432,0.293,0.275
4.647816099443696,0.431,0.293,0.276
4.655241449913363,0.43,0.293,0.277
4.6573734407413365,0.429,0.293,0.278
4.658782532661602,0.43,0.293,0.277
4.659385415667384,0.429,0.293,0.278
4.659649412689046,0.428,0.293,0.279
4.659905632554967,0.427,0.294,0.279
4.669936135564253,0.426,0.295,0.279
4.6711031343716005,0.427,0.294,0.279
4.678748936919078,0.426,0.294,0.28
4.683170500584883,0.425,0.294,0.281
4.692706418676751,0.424,0.295,0.281
4.693007661647152,0.423,0.295,0.282
4.695814476680051,0.422,0.296,0.282
4.698635016006502,0.423,0.295,0.282
4.7086285599732705,0.424,0.295,0.281
4.710187715905657,0.423,0.295,0.282
4.711698092853407,0.422,0.296,0.282
4.7130269700640595,0.421,0.297,0.282
4.726469781583266,0.42,0.297,0.283
4.727062371280079,0.421,0.297,0.282
4.728786982934484,0.422,0.297,0.281
4.734345592188875,0.423,0.297,0.28
4.736455877040414,0.422,0.297,0.281
4.739829379907356,0.421,0.298,0.281
4.742076734834402,0.42,0.299,0.281
4.742302793610886,0.421,0.299,0.28
4.742325530470269,0.42,0.299,0.281
4.74253477928797,0.421,0.298,0.281
4.7454754222134445,0.422,0.298,0.28
4.746335038183197,0.421,0.298,0.281
4.74863485095815,0.422,0.297,0.281
4.75294629243368,0.423,0.297,0.28
4.753658184951601,0.424,0.297,0.279
4.764776444314386,0.425,0.297,0.278
4.765853604257792,0.426,0.297,0.277
4.76731432753473,0.427,0.296,0.277
4.768697148112927,0.428,0.296,0.276
4.782486008151569,0.427,0.296,0.277
4.788735110197163,0.428,0.296,0.276
4.79537783835525,0.429,0.296,0.275
4.807838078832719,0.43,0.296,0.274
4.810116775610435,0.429,0.296,0.275
4.8137031106978245,0.428,0.297,0.275
4.814264819176492,0.427,0.298,0.275
4.815223418096342,0.428,0.298,0.274
4.822729646682062,0.427,0.299,0.274
4.822862241655788,0.428,0.299,0.273
4.823977185919206,0.429,0.298,0.273
4.824964077860734,0.428,0.298,0.274
4.827970902352209,0.427,0.298,0.275
4.840464586181399,0.426,0.298,0.276
4.843489962766032,0.427,0.298,0.275
4.845001494075994,0.428,0.298,0.274
4.847787620359435,0.427,0.298,0.275
4.849777809666828,0.426,0.299,0.275
4.851344348907625,0.425,0.3,0.275
4.852985323148196,0.424,0.301,0.275
4.853050759255626,0.423,0.301,0.276
4.8531877895412725,0.424,0.3,0.276
4.855266885350713,0.423,0.301,0.276
4.855414716166723,0.424,0.301,0.275
4.855759367297054,0.423,0.302,0.275
4.85983576666023,0.424,0.302,0.274
4.862625676260571,0.425,0.302,0.273
4.88301768661689,0.426,0.302,0.272
4.885295954524483,0.425,0.302,0.273
4.886161287132517,0.424,0.303,0.273
4.892304230939956,0.425,0.303,0.272
4.89548494037814,0.424,0.303,0.273
4.896128789881121,0.425,0.303,0.272
4.898315291802657,0.426,0.303,0.271
4.900494281423367,0.427,0.303,0.27
4.90073565903325,0.428,0.303,0.269
4.901331000575985,0.429,0.303,0.268
4.902507344839398,0.43,0.303,0.267
4.906554322247636,0.431,0.302,0.267
4.910205682588852,0.43,0.303,0.267
4.9137016368344035,0.429,0.304,0.267
4.919328639415658,0.428,0.305,0.267
4.920274232550421,0.427,0.306,0.267
4.925474374956585,0.428,0.306,0.266
4.925588018518983,0.429,0.306,0.265
4.92730316051079,0.428,0.307,0.265
4.930740439032853,0.429,0.307,0.264
4.932398093632603,0.428,0.308,0.264
4.934154474711625,0.429,0.308,0.263
4.9371805685689205,0.43,0.308,0.262
4.9391339107133065,0.431,0.308,0.261
4.941815040552013,0.43,0.308,0.262
4.942866286700746,0.429,0.309,0.262
4.945850883393473,0.43,0.309,0.261
4.945983808303376,0.431,0.308,0.261
4.956939304292546,0.432,0.308,0.26
4.962404760976793,0.431,0.308,0.261
4.963819128595513,0.432,0.308,0.26
4.969119744902281,0.433,0.308,0.259
4.9707169218520075,0.432,0.309,0.259
4.972223181729339,0.433,0.309,0.258
4.9758067015396525,0.434,0.309,0.257
4.977160784123829,0.435,0.309,0.256
4.978079217065774,0.436,0.309,0.255
4.98399587164055,0.435,0.31,0.255
4.984355358948559,0.434,0.311,0.255
4.985667055449914,0.435,0.311,0.254
4.986903332418219,0.436,0.311,0.253
4.987212797772091,0.435,0.312,0.253
4.987400591174982,0.436,0.311,0.253
4.987747395556379,0.437,0.311,0.252
4.988943634464585,0.438,0.311,0.251
4.989320423486829,0.437,0.312,0.251
4.991129967235766,0.438,0.312,0.25
4.9914786081768066,0.439,0.312,0.249
4.992911487704254,0.44,0.312,0.248
4.993123906097455,0.441,0.312,0.247
4.997098574035471,0.44,0.313,0.247
5.002363228907573,0.441,0.313,0.246
5.003263246189707,0.442,0.313,0.245
5.004972008237406,0.443,0.312,0.245
5.0094792046058485,0.444,0.312,0.244
5.010989921815832,0.443,0.313,0.244
5.012205432535868,0.444,0.313,0.243
5.01270107046827,0.445,0.313,0.242
5.018646783986209,0.446,0.313,0.241
5.024472894598548,0.447,0.313,0.24
5.025497732876821,0.448,0.313,0.239
5.0255706904077115,0.449,0.313,0.238
5.026357627486018,0.45,0.313,0.237
5.027933488047727,0.451,0.313,0.236
5.02895289044267,0.452,0.313,0.235
5.0359412572315465,0.453,0.313,0.234
5.037067362663473,0.452,0.314,0.234
5.037662783623656,0.453,0.313,0.234
5.03781072302579,0.454,0.313,0.233
5.037843560070841,0.453,0.313,0.234
5.038437959441349,0.454,0.313,0.233
5.040106235468506,0.455,0.313,0.232
5.040186619888795,0.456,0.313,0.231
5.040674074023067,0.455,0.314,0.231
5.043715227785047,0.456,0.314,0.23
5.043937977845049,0.457,0.314,0.229
5.05011154464398,0.458,0.314,0.228
5.050140673855271,0.459,0.314,0.227
5.051624574816206,0.46,0.314,0.226
5.051832909124684,0.459,0.315,0.226
5.0519320890026655,0.458,0.316,0.226
5.055692692678467,0.457,0.316,0.227
5.0623273795447785,0.458,0.316,0.226
5.063078386022128,0.457,0.317,0.226
5.073640615008461,0.458,0.317,0.225
5.073761584280564,0.459,0.317,0.224
5.07417713051488,0.46,0.317,0.223
5.076450658235101,0.461,0.317,0.222
5.080137175249035,0.462,0.317,0.221
5.08420023808084,0.461,0.317,0.222
5.086953446085444,0.46,0.318,0.222
5.088326062922291,0.461,0.318,0.221
5.088871040031982,0.462,0.318,0.22
5.093548008998534,0.461,0.319,0.22
5.100366361332545,0.462,0.319,0.219
5.103992665204955,0.463,0.319,0.218
5.1048162278313285,0.462,0.319,0.219
5.109826022004533,0.463,0.319,0.218
5.110822263931685,0.462,0.319,0.219
5.112284836507815,0.463,0.318,0.219
5.116708212669907,0.464,0.318,0.218
5.11759319037014,0.465,0.318,0.217
5.118641339375994,0.466,0.318,0.216
5.122580827150094,0.467,0.317,0.216
5.12316477227571,0.468,0.317,0.215
5.12406512795787,0.469,0.316,0.215
5.129154816570427,0.47,0.316,0.214
5.129789910467723,0.469,0.316,0.215
5.130025863275903,0.47,0.316,0.214
5.138042469236597,0.471,0.316,0.213
5.145246004301631,0.472,0.316,0.212
5.145630416273102,0.471,0.316,0.213
5.148081489665479,0.47,0.317,0.213
5.1489472400241425,0.471,0.317,0.212
5.149110876080009,0.472,0.317,0.211
5.15496313902862,0.473,0.317,0.21
5.156659534898028,0.474,0.317,0.209
5.162010305753443,0.473,0.318,0.209
5.162054981787391,0.472,0.319,0.209
5.162090755956515,0.473,0.318,0.209
5.178187594456704,0.472,0.319,0.209
5.181891312228502,0.473,0.318,0.209
5.184200171425354,0.472,0.319,0.209
5.184315329359488,0.473,0.319,0.208
5.1865205704907185,0.472,0.32,0.208
5.18761658568566,0.473,0.32,0.207
5.189847937397112,0.474,0.32,0.206
5.1923223035448585,0.475,0.32,0.205
5.192776603709305,0.474,0.32,0.206
5.196322059367621,0.475,0.32,0.205
5.207388383128095,0.476,0.32,0.204
5.20809978644863,0.475,0.321,0.204
5.210739433598924,0.476,0.321,0.203
5.2167608951256925,0.475,0.322,0.203
5.218803176294919,0.474,0.323,0.203
5.22667972610152,0.473,0.324,0.203
5.229440318762608,0.474,0.323,0.203
5.230446775452618,0.475,0.323,0.202
5.232941592733915,0.476,0.323,0.201
5.233876812046543,0.475,0.324,0.201
5.234657902125105,0.476,0.324,0.2
5.240743785620188,0.475,0.325,0.2
5.244912966814441,0.476,0.325,0.199
5.245157701731909,0.477,0.325,0.198
5.245179163883559,0.478,0.324,0.198
5.245205298612871,0.477,0.324,0.199
5.2458552577885165,0.478,0.324,0.198
5.249300359304243,0.479,0.324,0.197
5.2524595276275585,0.48,0.324,0.196
5.25548967138866,0.481,0.324,0.195
5.2556810758635875,0.482,0.324,0.194
5.256661530415136,0.483,0.324,0.193
5.258195180446964,0.484,0.324,0.192
5.259422995255409,0.485,0.324,0.191
5.259778934296723,0.484,0.325,0.191
5.261388184771143,0.485,0.324,0.191
5.268929795613959,0.484,0.324,0.192
5.269578955030646,0.485,0.324,0.191
5.272285375169712,0.486,0.324,0.19
5.2742136485728865,0.485,0.325,0.19
5.275087945909697,0.486,0.324,0.19
5.2759954059974135,0.487,0.324,0.189
5.276813787720875,0.488,0.324,0.188
5.279472262760748,0.487,0.324,0.189
5.2811821423045116,0.488,0.324,0.188
5.282315002486956,0.489,0.323,0.188
5.282379070740494,0.49,0.323,0.187
5.282648410332333,0.489,0.323,0.188
5.283645671867384,0.49,0.323,0.187
5.285906366046694,0.489,0.324,0.187
5.291953758344798,0.49,0.323,0.187
5.294795914032947,0.491,0.323,0.186
5.301654773979668,0.49,0.324,0.186
5.303186533246718,0.491,0.324,0.185
5.308353403866752,0.492,0.324,0.184
5.308782191977436,0.491,0.324,0.185
5.313279736139014,0.492,0.324,0.184
5.3188004190924225,0.493,0.324,0.183
5.319821621441678,0.492,0.324,0.184
5.320113934546733,0.491,0.324,0.185
5.324027993860716,0.492,0.324,0.184
5.330718721284229,0.493,0.324,0.183
5.334703161267323,0.494,0.323,0.183
5.335658387250287,0.495,0.322,0.183
5.339133317028835,0.494,0.323,0.183
5.343036046599787,0.495,0.323,0.182
5.343466993387305,0.494,0.324,0.182
5.3437669286712,0.495,0.324,0.181
5.3462574362241835,0.496,0.324,0.18
5.346889966787163,0.497,0.324,0.179
5.360376061148023,0.498,0.323,0.179
5.361595242170652,0.499,0.323,0.178
5.375140848522856,0.498,0.323,0.179
5.381033994457935,0.497,0.324,0.179
5.383281851311964,0.498,0.323,0.179
5.383818461913336,0.499,0.323,0.178
5.3873344725593935,0.5,0.323,0.177
5.38764042261245,0.499,0.324,0.177
5.3883465908550185,0.5,0.323,0.177
5.388647798720129,0.499,0.324,0.177
5.397517720473585,0.5,0.323,0.177
5.403501937544302,0.501,0.323,0.176
5.40523406928471,0.502,0.323,0.175
5.408144672387005,0.501,0.323,0.176
5.409763209609664,0.5,0.324,0.176
5.411521573844174,0.499,0.325,0.176
5.41368462665381,0.5,0.325,0.175
5.415165576070132,0.501,0.325,0.174
