time,f0,f1,f2
0.0,1.0,0.0,0.0
0.06228957327526785,0.999,0.001,0.0
0.06254080212692913,0.998,0.001,0.001
0.0676591894157055,0.997,0.001,0.002
0.0742172557066233,0.996,0.002,0.002
0.08633236444576718,0.995,0.002,0.003
0.0990725782170667,0.994,0.002,0.004
0.09991155733952672,0.993,0.003,0.004
0.10166692373754221,0.992,0.003,0.005
0.10741054624468363,0.991,0.004,0.005
0.11340071008385033,0.99,0.005,0.005
0.12750264503996822,0.989,0.006,0.005
0.1366703624639228,0.988,0.007,0.005
0.13752778444497557,0.987,0.007,0.006
0.15347422372672,0.986,0.008,0.006
0.1582752594143397,0.985,0.009,0.006
0.16053109911554322,0.984,0.01,0.006
0.16113702677019778,0.983,0.01,0.007
0.16230906554183777,0.982,0.011,0.007
0.16285282188157327,0.981,0.011,0.008
0.16346114274441115,0.98,0.012,0.008
0.1678101700774445,0.979,0.013,0.008
0.1703002100833111,0.978,0.014,0.008
0.17802918982129667,0.977,0.014,0.009
0.17956008629031453,0.976,0.014,0.01
0.1907639233204736,0.975,0.015,0.01
0.20595758153935106,0.974,0.016,0.01
0.21128343276521253,0.973,0.016,0.011
0.21825081537205887,0.972,0.016,0.012
0.21836674581169246,0.971,0.016,0.013
0.22647583326338327,0.972,0.015,0.013
0.22950621503363777,0.971,0.015,0.014
0.23072129844061046,0.97,0.016,0.014
0.2471601631930384,0.969,0.016,0.015
0.2483916417782862,0.968,0.017,0.015
0.2509102832606418,0.967,0.017,0.016
0.2551337478404048,0.966,0.017,0.017
0.25643683308257986,0.965,0.018,0.017
0.2597635603048728,0.964,0.018,0.018
0.26269300169770327,0.963,0.019,0.018
0.27098112824886217,0.962,0.019,0.019
0.2843551360367926,0.961,0.02,0.019
0.29227290106662446,0.96,0.021,0.019
0.29337412354532666,0.959,0.022,0.019
0.29993532108566534,0.958,0.022,0.02
0.3069729225512029,0.957,0.022,0.021
0.30888172028409344,0.956,0.023,0.021
0.31065463344639194,0.955,0.024,0.021
0.3117252625684171,0.954,0.024,0.022
0.321230727904441,0.953,0.025,0.022
0.32705656733323274,0.952,0.026,0.022
0.329925073571087,0.951,0.026,0.023
0.33082985520296926,0.95,0.026,0.024
0.33540246895698794,0.949,0.027,0.024
0.3391884108397329,0.948,0.028,0.024
0.3392609984982924,0.947,0.028,0.025
0.34261137884645104,0.946,0.029,0.025
0.34512129281445664,0.945,0.029,0.026
0.35612852787954985,0.944,0.03,0.026
0.35817663768871666,0.943,0.031,0.026
0.35883698296146416,0.942,0.031,0.027
0.35926954784342147,0.941,0.031,0.028
0.3619231857168297,0.94,0.032,0.028
0.3648078454522918,0.939,0.032,0.029
0.37097387875615273,0.938,0.032,0.03
0.383186750563052,0.937,0.032,0.031
0.39524838409806573,0.936,0.033,0.031
0.39630379383506875,0.935,0.034,0.031
0.4048194245533391,0.934,0.034,0.032
0.40696321209185615,0.933,0.034,0.033
0.416533711557861,0.932,0.034,0.034
0.41822524330788013,0.931,0.035,0.034
0.4186187932262235,0.93,0.035,0.035
0.4203213795107083,0.929,0.036,0.035
0.4222169534972639,0.928,0.037,0.035
0.43998515278127004,0.929,0.036,0.035
0.443097806370121,0.928,0.036,0.036
0.44793885916482196,0.927,0.036,0.037
0.4481842517039695,0.926,0.037,0.037
0.4499685203066844,0.925,0.038,0.037
0.4772553105602947,0.924,0.039,0.037
0.48506768261514666,0.923,0.04,0.037
0.49275385243749076,0.922,0.041,0.037
0.49970916331303133,0.921,0.042,0.037
0.5197057381318453,0.92,0.042,0.038
0.5265730263293845,0.919,0.043,0.038
0.530852382971328,0.918,0.043,0.039
0.5349907831094707,0.917,0.044,0.039
0.5386165862417072,0.916,0.044,0.04
0.5751460837151215,0.915,0.044,0.041
0.5801643368382897,0.916,0.043,0.041
0.5827118940483288,0.915,0.043,0.042
0.5846256953874591,0.914,0.043,0.043
0.5929234523142173,0.913,0.043,0.044
0.6042993866168801,0.912,0.044,0.044
0.6155323818631819,0.911,0.045,0.044
0.6220678908992882,0.91,0.045,0.045
0.6310633039332522,0.909,0.046,0.045
0.6329999977808722,0.908,0.046,0.046
0.6345439780060858,0.907,0.047,0.046
0.6400318887891489,0.906,0.047,0.047
0.6418699820275835,0.905,0.047,0.048
0.6458220111842673,0.904,0.047,0.049
0.6530316820564978,0.903,0.047,0.05
0.6711835072300101,0.902,0.048,0.05
0.671408995100614,0.901,0.048,0.051
0.6714602732693972,0.9,0.048,0.052
0.6752103555519432,0.899,0.049,0.052
0.6822909054456692,0.898,0.05,0.052
0.6888560848812812,0.897,0.05,0.053
0.7022408121734375,0.896,0.05,0.054
0.7024205771068307,0.895,0.051,0.054
0.7100105454118771,0.894,0.052,0.054
0.7105528615415685,0.893,0.052,0.055
0.7128608514361807,0.892,0.053,0.055
0.7140063277487607,0.891,0.053,0.056
0.7315574159911225,0.89,0.054,0.056
0.7407587229464708,0.889,0.055,0.056
0.7476105154943973,0.888,0.056,0.056
0.7499898969232593,0.889,0.056,0.055
0.7502337489326666,0.888,0.056,0.056
0.7548359501891216,0.887,0.057,0.056
0.7552389989345777,0.886,0.057,0.057
0.7585060895930652,0.887,0.057,0.056
0.7621139185701858,0.886,0.058,0.056
0.7700084369272726,0.885,0.059,0.056
0.7734496294687195,0.884,0.06,0.056
0.7762567758184831,0.883,0.06,0.057
0.7860192571632963,0.882,0.06,0.058
0.7892832483512205,0.881,0.061,0.058
0.8036596663093609,0.88,0.061,0.059
0.8056913785258554,0.879,0.062,0.059
0.8115950433567634,0.878,0.062,0.06
0.8122344929817722,0.877,0.062,0.061
0.8165892584337677,0.876,0.062,0.062
0.8177556447295163,0.875,0.062,0.063
0.8200264338343746,0.874,0.062,0.064
0.8243140387138044,0.873,0.062,0.065
0.8277955402677734,0.872,0.062,0.066
0.8289582462503405,0.871,0.063,0.066
0.8296725789537917,0.87,0.063,0.067
0.8331653021261397,0.869,0.064,0.067
0.8418405050639188,0.868,0.065,0.067
0.8591073992837254,0.867,0.065,0.068
0.8602356397143903,0.866,0.065,0.069
0.8756888926994377,0.865,0.065,0.07
0.8778181176491269,0.864,0.066,0.07
0.8797156981243214,0.863,0.066,0.071
0.8962355441495702,0.862,0.067,0.071
0.89851930331963,0.861,0.067,0.072
0.9005498768304656,0.86,0.067,0.073
0.9117672649114472,0.859,0.068,0.073
0.9252159446691615,0.858,0.068,0.074
0.9292504609359034,0.857,0.069,0.074
0.9304526146176996,0.856,0.07,0.074
0.9412920656226834,0.855,0.07,0.075
0.9497914813127559,0.854,0.071,0.075
0.9543521043732752,0.853,0.071,0.076
0.9559001424154173,0.852,0.072,0.076
0.9560399151138339,0.851,0.072,0.077
0.9598200575712471,0.85,0.072,0.078
0.9629639089236396,0.849,0.072,0.079
0.9659050032040692,0.848,0.073,0.079
0.9735977905677885,0.847,0.074,0.079
0.9740269976479556,0.846,0.074,0.08
0.9837812298641138,0.845,0.074,0.081
0.9934048248066192,0.844,0.074,0.082
1.0060197765659453,0.843,0.075,0.082
1.0210839824760127,0.842,0.076,0.082
1.0321885835308002,0.841,0.076,0.083
1.034959987418421,0.84,0.077,0.083
1.0351142804145907,0.839,0.077,0.084
1.0366146897578408,0.838,0.078,0.084
1.037055330835998,0.837,0.078,0.085
1.0376393353523594,0.836,0.078,0.086
1.0451517716549994,0.835,0.079,0.086
1.052557128862427,0.836,0.078,0.086
1.054273851470607,0.835,0.078,0.087
1.058047101131131,0.834,0.079,0.087
1.0617977171819053,0.833,0.079,0.088
1.0631710850550236,0.832,0.08,0.088
1.068170332015835,0.831,0.081,0.088
1.0732004822971972,0.83,0.082,0.088
1.0782894512735133,0.829,0.083,0.088
1.0882602310287872,0.83,0.082,0.088
1.0904330133657032,0.829,0.082,0.089
1.0954585272326731,0.828,0.082,0.09
1.0954773917990965,0.827,0.082,0.091
1.1055365970624462,0.828,0.081,0.091
1.1122755578855108,0.827,0.082,0.091
1.1143939146953343,0.826,0.083,0.091
1.123091847391276,0.825,0.084,0.091
1.128890811002288,0.824,0.085,0.091
1.1458498105977775,0.823,0.086,0.091
1.1503216680998083,0.822,0.086,0.092
1.1589400460829988,0.821,0.086,0.093
1.1609622869209741,0.82,0.086,0.094
1.164148808937061,0.819,0.086,0.095
1.166346763566831,0.82,0.085,0.095
1.1760536511227744,0.819,0.085,0.096
1.1813549047800964,0.818,0.086,0.096
1.1834879323424474,0.819,0.086,0.095
1.1932154287209966,0.818,0.087,0.095
1.194875672512374,0.817,0.088,0.095
1.195666430628216,0.816,0.088,0.096
1.199653983280043,0.815,0.088,0.097
1.2071831556362398,0.814,0.088,0.098
1.2071960978712792,0.813,0.088,0.099
1.2077196294182746,0.812,0.089,0.099
1.2191652004132016,0.811,0.09,0.099
1.2269771709422594,0.81,0.091,0.099
1.240168732083506,0.809,0.091,0.1
1.2403359533715488,0.808,0.092,0.1
1.2409857488137594,0.807,0.092,0.101
1.2496383290403958,0.806,0.092,0.102
1.26359050077358,0.807,0.092,0.101
1.2660616621127352,0.806,0.093,0.101
1.276369373269917,0.805,0.093,0.102
1.3029816426095504,0.804,0.094,0.102
1.3162022861418494,0.805,0.094,0.101
1.318338043243744,0.804,0.094,0.102
1.318913169859043,0.805,0.094,0.101
1.3192884682580504,0.806,0.093,0.101
1.3246981968379838,0.807,0.092,0.101
1.3313673808340845,0.806,0.092,0.102
1.3386778835226725,0.805,0.093,0.102
1.3450647583113804,0.804,0.093,0.103
1.3474231607362808,0.803,0.094,0.103
1.3565970039627073,0.802,0.095,0.103
1.3595393332563324,0.801,0.095,0.104
1.3729232538290534,0.8,0.096,0.104
1.3910620828367646,0.801,0.096,0.103
1.3914824912929524,0.802,0.096,0.102
1.3951641144820575,0.801,0.096,0.103
1.4009388406633665,0.8,0.097,0.103
1.405038718528206,0.799,0.097,0.104
1.4062052784077912,0.8,0.097,0.103
1.406734675934472,0.799,0.098,0.103
1.4078975969288923,0.798,0.099,0.103
1.408616286857291,0.797,0.1,0.103
1.411269284560321,0.796,0.101,0.103
1.4128258766766968,0.795,0.101,0.104
1.4152302371282113,0.794,0.102,0.104
1.4174347528073907,0.793,0.102,0.105
1.4227362568909543,0.794,0.102,0.104
1.4318006791764923,0.793,0.102,0.105
1.4348362284182075,0.792,0.103,0.105
1.447160245168839,0.791,0.103,0.106
1.4636779959850603,0.792,0.102,0.106
1.46989874757669,0.791,0.103,0.106
1.4711814921703248,0.79,0.104,0.106
1.4838905232812971,0.789,0.105,0.106
1.4886066744174176,0.788,0.105,0.107
1.4937257407334488,0.787,0.106,0.107
1.5167963779262195,0.786,0.106,0.108
1.5389370300394754,0.785,0.107,0.108
1.541928486343196,0.784,0.108,0.108
1.5421810719042957,0.785,0.108,0.107
1.5454492403355633,0.784,0.108,0.108
1.5466899163217018,0.783,0.108,0.109
1.5508541364261643,0.782,0.108,0.11
1.553340289889211,0.781,0.109,0.11
1.5578304496734487,0.78,0.11,0.11
1.5588697658647384,0.781,0.109,0.11
1.5621921025188312,0.78,0.109,0.111
1.5676121940553114,0.779,0.109,0.112
1.5727892210156853,0.778,0.109,0.113
1.5739879111583337,0.777,0.11,0.113
1.5749535785829252,0.776,0.11,0.114
1.5788904614519084,0.777,0.109,0.114
1.5852658511013962,0.776,0.109,0.115
1.5862369742709446,0.777,0.108,0.115
1.5939417053721945,0.776,0.108,0.116
1.600539856783531,0.775,0.108,0.117
1.6010452720020252,0.774,0.109,0.117
1.6026436530713144,0.773,0.11,0.117
1.6072041293300838,0.772,0.111,0.117
1.6163103636807337,0.771,0.112,0.117
1.6220657546740465,0.77,0.112,0.118
1.6227522642521137,0.769,0.113,0.118
1.6263847784881347,0.77,0.113,0.117
1.6277989654650389,0.769,0.113,0.118
1.6278038916937438,0.768,0.113,0.119
1.6291318588260855,0.767,0.113,0.12
1.6325126731734714,0.766,0.113,0.121
1.6389481775391677,0.765,0.114,0.121
1.64223766123217,0.764,0.114,0.122
1.6465392083986685,0.763,0.115,0.122
1.6479195219011067,0.762,0.116,0.122
1.6529339813296784,0.761,0.117,0.122
1.6618928121571142,0.76,0.117,0.123
1.6622100236818447,0.759,0.118,0.123
1.6651141555272855,0.758,0.118,0.124
1.6679316485754603,0.759,0.117,0.124
1.6821650350484756,0.758,0.117,0.125
1.683423998685732,0.759,0.116,0.125
1.6865491678529099,0.758,0.116,0.126
1.6870650820265225,0.757,0.117,0.126
1.687935466532269,0.756,0.118,0.126
1.7002448462218471,0.755,0.119,0.126
1.702076642001016,0.756,0.118,0.126
1.7041745626513294,0.757,0.117,0.126
1.711741514232168,0.758,0.117,0.125
1.7138674568618482,0.757,0.117,0.126
1.7177282510300809,0.756,0.117,0.127
1.7188613856765635,0.755,0.118,0.127
1.7231882548044306,0.754,0.118,0.128
1.7240952127028493,0.753,0.118,0.129
1.72602410387684,0.752,0.119,0.129
1.7267934783440875,0.751,0.12,0.129
1.7290862440700898,0.752,0.119,0.129
1.735060505062147,0.751,0.119,0.13
1.735550426697979,0.75,0.119,0.131
1.7360689830035778,0.749,0.12,0.131
1.740455305224126,0.748,0.12,0.132
1.7442087916638052,0.747,0.121,0.132
1.7476251777715015,0.746,0.122,0.132
1.7506601359594816,0.745,0.122,0.133
1.7514302383564448,0.744,0.122,0.134
1.754410646952036,0.745,0.121,0.134
1.7841950108323308,0.744,0.122,0.134
1.7880015465637382,0.743,0.123,0.134
1.7999083196454302,0.742,0.124,0.134
1.802650496769381,0.743,0.124,0.133
1.8108560887473006,0.742,0.125,0.133
1.8140294978078606,0.741,0.126,0.133
1.8185181859266346,0.742,0.125,0.133
1.8185380417856905,0.741,0.126,0.133
1.8210821959926762,0.74,0.127,0.133
1.8224956123386546,0.739,0.128,0.133
1.829070219588145,0.738,0.129,0.133
1.8325513577567485,0.737,0.13,0.133
1.8434061935312227,0.736,0.13,0.134
1.8466621861806534,0.735,0.13,0.135
1.8476737511840813,0.734,0.13,0.136
1.8505017635952887,0.735,0.13,0.135
1.8552110224812308,0.734,0.13,0.136
1.871508041829938,0.733,0.131,0.136
1.875738307222166,0.732,0.131,0.137
1.8809966490036552,0.731,0.132,0.137
1.8852183093410857,0.73,0.133,0.137
1.8895333076339509,0.729,0.134,0.137
1.8908503631554976,0.728,0.135,0.137
1.913041485450883,0.729,0.134,0.137
1.916065232712928,0.73,0.134,0.136
1.918576469439738,0.731,0.133,0.136
1.9264073034465738,0.73,0.134,0.136
1.9295831018212668,0.729,0.134,0.137
1.930960375537397,0.73,0.133,0.137
1.9350734935474254,0.729,0.133,0.138
1.9356247688926205,0.73,0.133,0.137
1.9419593654046725,0.729,0.134,0.137
1.9421554496634659,0.728,0.134,0.138
1.9625034781203698,0.727,0.134,0.139
1.9644355269141918,0.726,0.134,0.14
1.971991793424931,0.725,0.135,0.14
1.9742916744716756,0.724,0.135,0.141
1.974446303614483,0.723,0.135,0.142
1.97521415264507,0.722,0.136,0.142
1.9778988280728917,0.721,0.136,0.143
1.9802937079094287,0.72,0.136,0.144
1.9865315351291373,0.719,0.136,0.145
1.991806794061322,0.718,0.137,0.145
1.9955571979769682,0.719,0.136,0.145
1.9987358577236083,0.718,0.136,0.146
2.0045087174020875,0.717,0.136,0.147
2.0118570172542403,0.716,0.137,0.147
2.0276346223961026,0.715,0.137,0.148
2.0297776706075585,0.714,0.138,0.148
2.034184163859491,0.713,0.138,0.149
2.0374077027783564,0.712,0.139,0.149
2.0380558760688543,0.711,0.139,0.15
2.0391609476531345,0.71,0.14,0.15
2.0422553902736453,0.709,0.141,0.15
2.0450073666463906,0.708,0.142,0.15
2.0467121547126235,0.707,0.142,0.151
2.0491547335851927,0.706,0.142,0.152
2.0618258267797227,0.705,0.142,0.153
2.062112975595333,0.704,0.143,0.153
2.0647226471030824,0.703,0.144,0.153
2.0754117591046635,0.702,0.144,0.154
2.079190236170017,0.701,0.145,0.154
2.0793872513251896,0.702,0.145,0.153
2.0829152671827234,0.703,0.144,0.153
2.0856488340452577,0.702,0.144,0.154
2.08708398581552,0.701,0.144,0.155
2.0894425257251767,0.7,0.145,0.155
2.0911449633311987,0.699,0.146,0.155
2.093025225009872,0.7,0.145,0.155
2.094261388341073,0.699,0.145,0.156
2.1125676198907684,0.698,0.146,0.156
2.1215778376301406,0.699,0.146,0.155
2.126380756352445,0.698,0.147,0.155
2.1364664184054694,0.699,0.147,0.154
2.1373059693958134,0.698,0.148,0.154
2.1391951204434263,0.697,0.149,0.154
2.145993408765148,0.696,0.149,0.155
2.1503884286992903,0.695,0.149,0.156
2.1503981213210532,0.694,0.15,0.156
2.155231013537609,0.693,0.15,0.157
2.162566666817727,0.692,0.15,0.158
2.1686891094854968,0.693,0.149,0.158
2.1709537366124687,0.692,0.15,0.158
2.1896777177635176,0.691,0.15,0.159
2.193417405092647,0.69,0.151,0.159
2.197796916951335,0.689,0.152,0.159
2.200106704814911,0.69,0.151,0.159
2.203947944195073,0.689,0.151,0.16
2.225710493739723,0.688,0.152,0.16
2.2395503312912712,0.687,0.153,0.16
2.240852757024779,0.686,0.154,0.16
2.2429285596008777,0.685,0.154,0.161
2.25169753647366,0.684,0.154,0.162
2.2529689044064947,0.683,0.155,0.162
2.26248316810578,0.682,0.156,0.162
2.2660448142213068,0.681,0.157,0.162
2.2668573661616938,0.68,0.158,0.162
2.2736992215491423,0.681,0.158,0.161
2.2923221756149896,0.682,0.157,0.161
2.300768153294832,0.681,0.158,0.161
2.301018297677841,0.68,0.158,0.162
2.3028575143516727,0.679,0.159,0.162
2.31308743464301,0.678,0.159,0.163
2.313789428823898,0.677,0.16,0.163
2.3176048639088114,0.676,0.161,0.163
2.3176991529025592,0.675,0.161,0.164
2.318760544151324,0.674,0.162,0.164
2.325735201215994,0.673,0.162,0.165
2.328424701884545,0.672,0.162,0.166
2.328507042444408,0.671,0.162,0.167
2.337856318446723,0.67,0.163,0.167
2.338985458771975,0.669,0.163,0.168
2.3428831467027385,0.668,0.163,0.169
2.348694139096809,0.667,0.164,0.169
2.359160965589353,0.666,0.164,0.17
2.3611325120757853,0.665,0.165,0.17
2.36199533787317,0.664,0.166,0.17
2.36325766699401,0.663,0.167,0.17
2.367668958273142,0.664,0.166,0.17
2.3876021467474877,0.665,0.166,0.169
2.3958757281788605,0.666,0.165,0.169
2.400359796492328,0.665,0.166,0.169
2.420392573232388,0.664,0.167,0.169
2.426938527300843,0.663,0.168,0.169
2.432480342951138,0.662,0.169,0.169
2.438035002154744,0.661,0.169,0.17
2.44038149892615,0.66,0.169,0.171
2.448551024984016,0.659,0.17,0.171
2.4493804215984807,0.658,0.171,0.171
2.450759470880299,0.657,0.172,0.171
2.4532380885859655,0.658,0.171,0.171
2.4543879754741442,0.659,0.171,0.17
2.464059121860602,0.66,0.171,0.169
2.46666463044353,0.661,0.17,0.169
2.470616252788476,0.66,0.17,0.17
2.4792714660941493,0.659,0.171,0.17
2.4800370907342426,0.658,0.171,0.171
2.4812563631727276,0.657,0.172,0.171
2.4815927024481623,0.658,0.171,0.171
2.486254434728104,0.657,0.171,0.172
2.4868388388667375,0.656,0.171,0.173
2.488521930891583,0.657,0.171,0.172
2.497478888211143,0.656,0.172,0.172
2.50067400002373,0.657,0.172,0.171
2.505645616232513,0.656,0.173,0.171
2.509463631210187,0.655,0.174,0.171
2.5135743753034907,0.654,0.175,0.171
2.524317589236145,0.653,0.175,0.172
2.5254587484020514,0.652,0.175,0.173
2.52677777320364,0.651,0.176,0.173
2.529493625847002,0.65,0.176,0.174
2.529595120877347,0.649,0.177,0.174
2.530304181101799,0.648,0.178,0.174
2.533091776921152,0.647,0.179,0.174
2.5341952981060527,0.646,0.18,0.174
2.53698772079666,0.645,0.181,0.174
2.5434950957258433,0.644,0.181,0.175
2.5486053860456686,0.643,0.181,0.176
2.5495578214728383,0.644,0.18,0.176
2.5543270865621337,0.645,0.179,0.176
2.5571443381737606,0.644,0.179,0.177
2.559737348981132,0.643,0.179,0.178
2.5613258736776414,0.644,0.179,0.177
2.5627145339865023,0.643,0.18,0.177
2.565575560710313,0.644,0.18,0.176
2.568708970094367,0.645,0.179,0.176
2.573431353551728,0.644,0.179,0.177
2.5763268662318137,0.643,0.179,0.178
2.5807661180399957,0.642,0.179,0.179
2.5880809076557125,0.641,0.179,0.18
2.592189442465609,0.642,0.178,0.18
2.617721690338572,0.641,0.178,0.181
2.6323531412913805,0.64,0.178,0.182
2.6342302573731082,0.641,0.177,0.182
2.6381236852150374,0.64,0.177,0.183
2.6458884548813852,0.639,0.177,0.184
2.649347077960365,0.638,0.177,0.185
2.6505048037653745,0.637,0.177,0.186
2.651167696654423,0.636,0.178,0.186
2.6535863490120355,0.637,0.178,0.185
2.661380777252796,0.636,0.178,0.186
2.6675775984955155,0.635,0.178,0.187
2.6700678965531557,0.634,0.179,0.187
2.674796188267117,0.635,0.178,0.187
2.6796829678291236,0.634,0.179,0.187
2.680914946368039,0.633,0.18,0.187
2.683708230952464,0.632,0.18,0.188
2.688119464115355,0.631,0.18,0.189
2.688838051225151,0.63,0.181,0.189
2.6895938493430718,0.629,0.182,0.189
2.690131623802335,0.628,0.183,0.189
2.6901450335631445,0.629,0.182,0.189
2.713124204594822,0.63,0.182,0.188
2.713670359905198,0.629,0.182,0.189
2.7150994749046746,0.628,0.183,0.189
2.7170895626874407,0.627,0.183,0.19
2.7254791985776485,0.628,0.182,0.19
2.727883362918504,0.627,0.183,0.19
2.7289257785773238,0.626,0.183,0.191
2.7327236021415473,0.627,0.182,0.191
2.7355865705317117,0.628,0.181,0.191
2.736862385316521,0.627,0.182,0.191
2.744687442137269,0.626,0.183,0.191
2.7535825842974275,0.625,0.183,0.192
2.7552405034628795,0.624,0.184,0.192
2.7637712779880697,0.625,0.183,0.192
2.764544620448417,0.626,0.183,0.191
2.765420224004373,0.625,0.184,0.191
2.774037352719777,0.624,0.185,0.191
2.7818137973069654,0.623,0.185,0.192
2.7911215420727546,0.624,0.184,0.192
2.792490604518584,0.623,0.184,0.193
2.7934308681902986,0.622,0.184,0.194
2.794161263417037,0.621,0.185,0.194
2.796987604005603,0.62,0.186,0.194
2.8086228553546997,0.619,0.187,0.194
2.8090417193378423,0.618,0.188,0.194
2.8270650701313875,0.617,0.189,0.194
2.8275264659306045,0.616,0.19,0.194
2.8298260404250164,0.615,0.191,0.194
2.83515861925789,0.614,0.192,0.194
2.836250941850326,0.615,0.191,0.194
2.8548905233938746,0.614,0.192,0.194
2.8601506527435463,0.615,0.192,0.193
2.863189497683812,0.614,0.192,0.194
2.8659320476680614,0.613,0.193,0.194
2.8663750456846486,0.612,0.194,0.194
2.871366679657633,0.611,0.194,0.195
2.884028658551916,0.61,0.194,0.196
2.887122889517788,0.609,0.195,0.196
2.8901432443831356,0.608,0.195,0.197
2.891356022347695,0.609,0.195,0.196
2.8970139876888816,0.608,0.196,0.196
2.909561359161951,0.607,0.197,0.196
2.918612467765697,0.606,0.198,0.196
2.9344506743767274,0.607,0.197,0.196
2.9484657865875543,0.606,0.198,0.196
2.9524526317841158,0.605,0.198,0.197
2.954228227911334,0.604,0.198,0.198
2.9545231353502093,0.605,0.197,0.198
2.9570802643775163,0.606,0.197,0.197
2.9570954755345786,0.607,0.196,0.197
2.961879885152695,0.606,0.196,0.198
2.9661086471395732,0.607,0.195,0.198
2.9669631466517146,0.606,0.195,0.199
2.9691388262393836,0.605,0.196,0.199
2.9759411430951177,0.604,0.197,0.199
2.977248181290292,0.603,0.198,0.199
2.981397883728542,0.604,0.198,0.198
2.984869769847305,0.603,0.199,0.198
3.0032802747593363,0.602,0.199,0.199
3.0047876488539873,0.601,0.199,0.2
3.0058189887402325,0.6,0.199,0.201
3.005950326414317,0.599,0.2,0.201
3.010804167233487,0.598,0.2,0.202
3.0121525773206823,0.599,0.199,0.202
3.0127475254401825,0.6,0.199,0.201
3.014553343511635,0.599,0.199,0.202
3.019088939602983,0.598,0.199,0.203
3.0192301493350207,0.597,0.2,0.203
3.0279080721806713,0.596,0.201,0.203
3.029398649560715,0.595,0.201,0.204
3.0332547819793136,0.594,0.201,0.205
3.0337958868532295,0.595,0.201,0.204
3.0359085721360968,0.594,0.201,0.205
3.0382091778822886,0.593,0.201,0.206
3.0486376080165907,0.592,0.202,0.206
3.054483315319624,0.591,0.203,0.206
3.0675880738429515,0.59,0.204,0.206
3.0882635050208824,0.589,0.204,0.207
3.0930556636946944,0.588,0.205,0.207
3.1088330477333814,0.587,0.205,0.208
3.1141449319417465,0.586,0.205,0.209
3.1146317039996396,0.585,0.205,0.21
3.126741777322837,0.584,0.205,0.211
3.127472495662844,0.585,0.205,0.21
3.1276142806897114,0.586,0.204,0.21
3.1500513561526216,0.585,0.204,0.211
3.152252881823044,0.584,0.204,0.212
3.1546749902860247,0.583,0.204,0.213
3.155123880271319,0.582,0.205,0.213
3.1564750139892737,0.581,0.206,0.213
3.165630511938645,0.58,0.206,0.214
3.1665629825785535,0.581,0.205,0.214
3.1692600737712144,0.58,0.205,0.215
3.1712993506483294,0.579,0.206,0.215
3.1718700868694505,0.578,0.206,0.216
3.184991784187198,0.577,0.206,0.217
3.189105026591607,0.576,0.206,0.218
3.192682435425494,0.575,0.206,0.219
3.199623468239681,0.574,0.207,0.219
3.203290775090066,0.573,0.207,0.22
3.204233835914548,0.572,0.208,0.22
3.206226407602134,0.571,0.209,0.22
3.211494910900315,0.572,0.208,0.22
3.2121433007647817,0.573,0.208,0.219
3.215086458468972,0.572,0.209,0.219
3.2152532576430066,0.571,0.209,0.22
3.2162231175755434,0.57,0.21,0.22
3.217099742035244,0.571,0.209,0.22
3.217561549586634,0.572,0.209,0.219
3.21903247621323,0.571,0.209,0.22
3.22352261637248,0.57,0.209,0.221
3.229650163728026,0.571,0.209,0.22
3.2310948328510007,0.57,0.209,0.221
3.245181757718919,0.569,0.21,0.221
3.246242710345559,0.568,0.21,0.222
3.2474634779967126,0.569,0.209,0.222
3.248464765495871,0.568,0.21,0.222
3.253234953817664,0.567,0.21,0.223
3.2565920511638122,0.568,0.21,0.222
3.258804385261796,0.567,0.21,0.223
3.2615365869232704,0.566,0.211,0.223
3.2725456363027883,0.565,0.211,0.224
3.2770760204395026,0.564,0.212,0.224
3.2826692589179314,0.563,0.213,0.224
3.2877771900111012,0.562,0.213,0.225
3.296607745781034,0.563,0.212,0.225
3.297071540139989,0.562,0.213,0.225
3.297252605874684,0.563,0.213,0.224
3.302371208447776,0.562,0.214,0.224
3.307162453109935,0.563,0.213,0.224
3.331370546639764,0.562,0.214,0.224
3.347085518375752,0.561,0.214,0.225
3.3578755793321386,0.56,0.215,0.225
3.3597807666578654,0.559,0.216,0.225
3.3609915691713095,0.558,0.216,0.226
3.368330430992742,0.557,0.217,0.226
3.3780141770259595,0.556,0.217,0.227
3.3993288449784775,0.555,0.217,0.228
3.41086608479906,0.554,0.217,0.229
3.425568049017162,0.553,0.218,0.229
3.428084002570913,0.554,0.218,0.228
3.428983783178303,0.553,0.219,0.228
3.4308116068911985,0.554,0.218,0.228
3.431240851617652,0.555,0.218,0.227
3.4331956714351493,0.554,0.219,0.227
3.437267757410407,0.553,0.219,0.228
3.441050137770378,0.552,0.22,0.228
3.447423271263136,0.553,0.219,0.228
3.450746844254039,0.552,0.219,0.229
3.4524714757376582,0.551,0.219,0.23
3.46713287612592,0.552,0.219,0.229
3.4708569880699978,0.551,0.22,0.229
3.4719593240422197,0.55,0.22,0.23
3.474080676093462,0.551,0.22,0.229
3.4921659054116505,0.55,0.221,0.229
3.493340128671978,0.549,0.222,0.229
3.500366039471108,0.548,0.222,0.23
3.502613177239038,0.547,0.222,0.231
3.5064030382463307,0.546,0.223,0.231
3.509032223106035,0.545,0.224,0.231
3.5177457044391733,0.544,0.224,0.232
3.537397698446995,0.545,0.223,0.232
3.5415116284475308,0.546,0.222,0.232
3.5447467268879462,0.547,0.221,0.232
3.5464600760504292,0.548,0.22,0.232
3.5470688775599197,0.547,0.221,0.232
3.5483748164377404,0.546,0.222,0.232
3.5485497176565284,0.547,0.221,0.232
3.552303814675615,0.546,0.222,0.232
3.555081518260096,0.547,0.221,0.232
3.556233522991754,0.546,0.222,0.232
3.5576678521148835,0.547,0.222,0.231
3.5636356452757085,0.546,0.223,0.231
3.5760523707101495,0.545,0.224,0.231
3.5776899957663995,0.546,0.223,0.231
3.579980853997147,0.545,0.223,0.232
3.590283915829693,0.546,0.222,0.232
3.6025649168817915,0.545,0.223,0.232
3.6204514841731235,0.544,0.224,0.232
3.622118290183164,0.543,0.224,0.233
3.6281433404888865,0.544,0.223,0.233
3.6314036447571527,0.545,0.223,0.232
3.634905484180297,0.544,0.223,0.233
3.6386422992767806,0.543,0.223,0.234
3.6463516196925223,0.544,0.223,0.233
3.6509151487572664,0.543,0.224,0.233
3.6574672581997234,0.542,0.225,0.233
3.6590382977194973,0.541,0.226,0.233
3.6628753441185733,0.54,0.227,0.233
3.6721183710537684,0.541,0.226,0.233
3.6728834657659934,0.54,0.227,0.233
3.674068993326887,0.539,0.228,0.233
3.6745956065408327,0.538,0.228,0.234
3.675057543436917,0.539,0.227,0.234
3.67774061440436,0.538,0.227,0.235
3.6779294444021313,0.537,0.227,0.236
3.685566022313927,0.536,0.228,0.236
3.695003612133382,0.535,0.228,0.237
3.7011444049463673,0.534,0.229,0.237
3.705158887322693,0.535,0.229,0.236
3.7117142521482474,0.534,0.23,0.236
3.7144647817504115,0.533,0.23,0.237
3.7218512669193893,0.532,0.231,0.237
3.7240410212441066,0.533,0.23,0.237
3.7316516563011786,0.532,0.23,0.238
3.732957489155626,0.531,0.231,0.238
3.740542300783124,0.532,0.23,0.238
3.7436952747120387,0.531,0.231,0.238
3.7497144015977963,0.53,0.232,0.238
3.753565328825241,0.529,0.232,0.239
3.7549409552267963,0.53,0.232,0.238
3.7564549027685907,0.529,0.232,0.239
3.7565165649195404,0.528,0.232,0.24
3.758197354049989,0.527,0.232,0.241
3.7704132146895506,0.526,0.232,0.242
3.7711814771572727,0.525,0.233,0.242
3.7777277288817444,0.526,0.232,0.242
3.7786500306919764,0.525,0.233,0.242
3.794453939873633,0.526,0.232,0.242
3.803301551622689,0.525,0.233,0.242
3.804862861541153,0.524,0.234,0.242
3.8054127856157436,0.525,0.233,0.242
3.809980472537384,0.524,0.233,0.243
3.8107138727930425,0.523,0.233,0.244
3.816346046473428,0.524,0.232,0.244
3.842526269258766,0.523,0.233,0.244
3.8443316424324254,0.522,0.233,0.245
3.857419701226399,0.521,0.234,0.245
3.8680540616222876,0.52,0.234,0.246
3.8684871724367285,0.519,0.234,0.247
3.8749864341472238,0.518,0.235,0.247
3.8758679278798573,0.519,0.235,0.246
3.8860520753056544,0.52,0.235,0.245
3.888223467027307,0.519,0.235,0.246
3.889178248299151,0.518,0.235,0.247
3.8909326269233118,0.517,0.235,0.248
3.9040379267652208,0.516,0.236,0.248
3.904388177087104,0.515,0.236,0.249
3.911562195444562,0.514,0.236,0.25
3.9270732577219367,0.513,0.236,0.251
3.927143360732659,0.512,0.236,0.252
3.933392015154263,0.513,0.236,0.251
3.9397049479332114,0.512,0.236,0.252
3.9399023899287227,0.513,0.235,0.252
3.941849107487219,0.512,0.235,0.253
3.94212882117575,0.511,0.236,0.253
3.9499800828350624,0.512,0.235,0.253
3.9619852795297024,0.511,0.235,0.254
3.9721675790450095,0.512,0.234,0.254
3.9794327215165928,0.513,0.233,0.254
3.981000841666579,0.514,0.232,0.254
3.9825043680717296,0.515,0.232,0.253
3.9866271413389205,0.514,0.233,0.253
3.9959502631119896,0.513,0.234,0.253
3.998498102021984,0.514,0.233,0.253
4.00305598575676,0.513,0.233,0.254
4.012794170807803,0.514,0.232,0.254
4.018294080062664,0.513,0.233,0.254
4.025986020239147,0.512,0.233,0.255
4.027314110210962,0.511,0.234,0.255
4.030115273143565,0.512,0.233,0.255
4.031435778901874,0.511,0.233,0.256
4.0450999204408875,0.51,0.233,0.257
4.062040968056625,0.509,0.234,0.257
4.062772445900254,0.508,0.234,0.258
4.074507708938608,0.509,0.233,0.258
4.075006977973037,0.508,0.233,0.259
4.076558759831332,0.509,0.232,0.259
4.087072090842699,0.51,0.231,0.259
4.0896605262766625,0.509,0.232,0.259
4.0906430673740735,0.508,0.232,0.26
4.093260513620711,0.509,0.231,0.26
4.098899617276232,0.508,0.231,0.261
4.101483154190662,0.507,0.231,0.262
4.104144757571739,0.506,0.232,0.262
4.105095185311793,0.505,0.233,0.262
4.105905812573211,0.506,0.232,0.262
4.108630263158885,0.505,0.232,0.263
4.10865117269421,0.504,0.233,0.263
4.108729694680136,0.503,0.234,0.263
4.120306595559372,0.502,0.234,0.264
4.127284763621451,0.503,0.234,0.263
4.143942797740884,0.502,0.235,0.263
4.146838883209701,0.503,0.235,0.262
4.158461575095542,0.502,0.235,0.263
4.165180010526686,0.501,0.235,0.264
4.165520135885194,0.502,0.234,0.264
4.166899919820334,0.501,0.235,0.264
4.172511193112526,0.5,0.235,0.265
4.175954145014613,0.501,0.234,0.265
4.179993631134173,0.5,0.235,0.265
4.180234995224863,0.499,0.235,0.266
4.190646095959482,0.498,0.235,0.267
4.191571584451037,0.497,0.235,0.268
4.197226854887678,0.496,0.236,0.268
4.198237094498994,0.495,0.236,0.269
4.199574714870306,0.494,0.237,0.269
4.201689438860659,0.493,0.237,0.27
4.21363667864978,0.492,0.237,0.271
4.218620606925053,0.491,0.238,0.271
4.223937993165082,0.49,0.238,0.272
4.228261480435375,0.489,0.238,0.273
4.2339830944933015,0.488,0.239,0.273
4.246895204703662,0.487,0.239,0.274
4.246999344035925,0.486,0.239,0.275
4.247790580455059,0.487,0.239,0.274
4.251395390924991,0.486,0.239,0.275
4.25764633714737,0.485,0.24,0.275
4.26222115886739,0.486,0.24,0.274
4.269937939735047,0.487,0.239,0.274
4.284047148508856,0.486,0.24,0.274
4.289091333021424,0.487,0.24,0.273
4.303667857810096,0.486,0.24,0.274
4.305187205530643,0.485,0.241,0.274
4.316966859008005,0.486,0.24,0.274
4.318366427764606,0.487,0.24,0.273
4.3217972314270305,0.486,0.24,0.274
4.328447687051886,0.485,0.24,0.275
4.329200786213205,0.484,0.24,0.276
4.330685064368709,0.483,0.241,0.276
4.330953652914166,0.482,0.242,0.276
4.333706325977413,0.483,0.241,0.276
4.334801908277276,0.484,0.24,0.276
4.339266466613136,0.485,0.24,0.275
4.349337704319661,0.486,0.239,0.275
4.352390942876507,0.485,0.239,0.276
4.355524962180639,0.484,0.239,0.277
4.356002839175106,0.483,0.24,0.277
4.356698417960827,0.484,0.239,0.277
4.357892289329395,0.483,0.24,0.277
4.358788731774305,0.484,0.239,0.277
4.361185167111227,0.483,0.239,0.278
4.3615296631391285,0.482,0.239,0.279
4.363021125540662,0.481,0.239,0.28
4.369466772657107,0.48,0.24,0.28
4.371627276627094,0.479,0.24,0.281
4.373352343681077,0.478,0.24,0.282
4.373448394911057,0.477,0.24,0.283
4.376223287384133,0.476,0.241,0.283
4.3762686615065425,0.475,0.242,0.283
4.376329852670859,0.474,0.242,0.284
4.377872300878034,0.475,0.241,0.284
4.396493632825161,0.474,0.242,0.284
4.40504461004984,0.475,0.241,0.284
4.412959568059398,0.474,0.242,0.284
4.421435810926368,0.473,0.243,0.284
4.421560979125394,0.474,0.243,0.283
4.422917107050198,0.475,0.243,0.282
4.437067571795999,0.476,0.242,0.282
4.440952842708576,0.475,0.243,0.282
4.4416023527134,0.474,0.243,0.283
4.456828620641571,0.473,0.244,0.283
4.469695979383298,0.474,0.243,0.283
4.472414386904023,0.473,0.244,0.283
4.477775546545567,0.474,0.244,0.282
4.481524559409061,0.475,0.243,0.282
4.483189391763001,0.476,0.242,0.282
4.486659596470748,0.475,0.242,0.283
4.489564502162946,0.474,0.242,0.284
4.492091264878478,0.473,0.243,0.284
4.4926032470455715,0.472,0.244,0.284
4.502314060892935,0.471,0.244,0.285
4.502895940347344,0.47,0.244,0.286
4.510822274527176,0.471,0.243,0.286
4.522027771900015,0.47,0.243,0.287
4.522816915621399,0.469,0.243,0.288
4.523902573564904,0.468,0.243,0.289
4.527846099429526,0.469,0.243,0.288
4.529569146162799,0.468,0.243,0.289
4.529998435972954,0.467,0.244,0.289
4.5315175649716695,0.468,0.244,0.288
4.536712138713259,0.467,0.244,0.289
4.53785391858708,0.466,0.244,0.29
4.544159378033321,0.465,0.245,0.29
4.544216756091865,0.466,0.244,0.29
4.5462999053006685,0.465,0.244,0.291
4.547335251271339,0.466,0.244,0.29
4.550474507107484,0.465,0.245,0.29
4.551813503053766,0.464,0.245,0.291
4.555169361509795,0.465,0.244,0.291
4.561296968653632,0.466,0.244,0.29
4.565042056012263,0.467,0.244,0.289
4.567503809654904,0.466,0.245,0.289
4.571521371871613,0.465,0.246,0.289
4.573082481196779,0.466,0.246,0.288
4.579729955963039,0.465,0.247,0.288
4.581697738657204,0.464,0.248,0.288
4.589009802534802,0.463,0.249,0.288
4.590192647664804,0.462,0.249,0.289
4.592399593256737,0.461,0.249,0.29
4.596340566922391,0.46,0.25,0.29
4.59721810688885,0.461,0.249,0.29
4.598615896943389,0.46,0.25,0.29
4.601244153601031,0.459,0.25,0.291
4.606231318255702,0.458,0.251,0.291
4.612653532183482,0.457,0.252,0.291
4.620324605985788,0.456,0.252,0.292
4.632091587029867,0.457,0.252,0.291
4.642142030195645,0.458,0.251,0.291
4.64992224670543,0.457,0.252,0.291
4.652947569310795,0.458,0.251,0.291
4.6547517433488075,0.459,0.25,0.291
4.657653190650321,0.46,0.249,0.291
4.66227325811738,0.459,0.249,0.292
4.67597142139223,0.458,0.25,0.292
4.676939682643724,0.457,0.251,0.292
4.68115113973509,0.456,0.252,0.292
4.700371394768731,0.455,0.252,0.293
4.70087965971026,0.456,0.251,0.293
4.7021313972277925,0.457,0.25,0.293
4.704757647755226,0.456,0.251,0.293
4.707165427307919,0.457,0.25,0.293
4.712175004593202,0.456,0.25,0.294
4.717016471849571,0.455,0.251,0.294
4.717150573130273,0.456,0.251,0.293
4.7182606305038615,0.457,0.25,0.293
4.721551263758191,0.458,0.249,0.293
4.730394359810704,0.459,0.248,0.293
4.7312284940960545,0.458,0.248,0.294
4.734139593588277,0.457,0.249,0.294
4.734237539960648,0.458,0.248,0.294
4.742875484497043,0.457,0.249,0.294
4.743968032907455,0.458,0.248,0.294
4.745201776447763,0.457,0.248,0.295
4.751033588419719,0.458,0.248,0.294
4.755675244070935,0.457,0.249,0.294
4.757856724143996,0.456,0.249,0.295
4.762042008561873,0.457,0.248,0.295
4.7662164962171,0.456,0.249,0.295
4.7705150154955405,0.457,0.248,0.295
4.772076755918564,0.458,0.247,0.295
4.774998596685999,0.459,0.247,0.294
4.775244561078543,0.46,0.247,0.293
4.775495616664115,0.459,0.247,0.294
4.777895121642448,0.46,0.247,0.293
4.791549370376641,0.459,0.248,0.293
4.796281648572024,0.458,0.248,0.294
4.806740133300697,0.459,0.247,0.294
4.809507902935742,0.458,0.247,0.295
4.812824955919839,0.457,0.248,0.295
4.814237579596099,0.458,0.248,0.294
4.819627803879292,0.457,0.248,0.295
4.82616540525137,0.456,0.248,0.296
4.839961858473575,0.457,0.247,0.296
4.849213910408163,0.456,0.247,0.297
4.850504576096751,0.457,0.246,0.297
4.854181955016713,0.458,0.246,0.296
4.856976201080078,0.457,0.246,0.297
4.85886434290955,0.456,0.246,0.298
4.860914969238425,0.457,0.246,0.297
4.863641004084886,0.458,0.245,0.297
4.866975993287514,0.459,0.244,0.297
4.871340855458646,0.458,0.245,0.297
4.876843426936039,0.459,0.245,0.296
4.877205106818202,0.458,0.246,0.296
4.884315341467093,0.459,0.245,0.296
4.884839068084927,0.458,0.246,0.296
4.887031772635801,0.459,0.246,0.295
4.88774605978755,0.46,0.245,0.295
4.90426404774778,0.459,0.246,0.295
4.904345683971235,0.458,0.247,0.295
4.90690144588327,0.459,0.246,0.295
4.910503092478436,0.458,0.247,0.295
4.91100041728576,0.457,0.248,0.295
4.9166276529434985,0.456,0.248,0.296
4.916808798694272,0.455,0.248,0.297
4.9199545880544395,0.454,0.248,0.298
4.925862392284801,0.455,0.247,0.298
4.927858359794135,0.456,0.246,0.298
4.927893348193849,0.455,0.247,0.298
4.928239043305039,0.454,0.247,0.299
4.937201471278697,0.455,0.246,0.299
4.942292008617801,0.454,0.247,0.299
4.943602043529979,0.455,0.247,0.298
4.943800992117046,0.456,0.246,0.298
4.946214264827067,0.457,0.245,0.298
4.952127172007534,0.458,0.244,0.298
4.97323483259223,0.459,0.243,0.298
4.973846373886765,0.458,0.243,0.299
4.977824904469261,0.457,0.243,0.3
4.979135574062247,0.458,0.242,0.3
4.988869069713895,0.457,0.242,0.301
4.989410122544864,0.458,0.241,0.301
4.9896464708831,0.457,0.242,0.301
4.990310652223383,0.458,0.241,0.301
4.9943582479851045,0.459,0.241,0.3
4.994860958089666,0.46,0.24,0.3
4.99651664200629,0.461,0.24,0.299
4.997867208253968,0.46,0.241,0.299
4.999578362874879,0.461,0.24,0.299
5.001122357465884,0.46,0.241,0.299
5.003479022049202,0.459,0.241,0.3
5.006581571269123,0.46,0.24,0.3
5.00783942892575,0.459,0.241,0.3
5.0111142475642625,0.46,0.24,0.3
5.011476074916644,0.461,0.239,0.3
5.014328031688226,0.462,0.238,0.3
5.023714762863949,0.463,0.238,0.299
5.0248068408122775,0.464,0.237,0.299
5.027346714028087,0.465,0.236,0.299
5.0325905215182285,0.466,0.235,0.299
5.0362332609351155,0.467,0.234,0.299
5.038601941471928,0.466,0.235,0.299
5.049166051216094,0.467,0.234,0.299
5.051920344748215,0.466,0.235,0.299
5.0524741026001,0.467,0.234,0.299
5.052973232833625,0.468,0.233,0.299
5.05373049774985,0.467,0.234,0.299
5.062500683801474,0.468,0.233,0.299
5.07220826244039,0.467,0.234,0.299
5.0793755846900535,0.468,0.233,0.299
5.0851941248956,0.467,0.233,0.3
5.08864143543722,0.468,0.232,0.3
5.092300289597425,0.469,0.232,0.299
5.095043653093817,0.47,0.232,0.298
5.095371780866259,0.469,0.233,0.298
5.1059799406961055,0.47,0.232,0.298
5.10750291953783,0.469,0.232,0.299
5.121502917606704,0.47,0.231,0.299
5.121574069616756,0.471,0.23,0.299
5.122844229211409,0.47,0.23,0.3
5.129245920880731,0.471,0.23,0.299
5.137291731301273,0.47,0.231,0.299
5.139455692510987,0.469,0.231,0.3
5.141397685404138,0.47,0.23,0.3
5.145889775884782,0.471,0.229,0.3
5.148134027898463,0.47,0.229,0.301
5.15038000255117,0.471,0.228,0.301
5.155247884445939,0.472,0.227,0.301
5.156925224571461,0.473,0.226,0.301
5.157570344780706,0.474,0.225,0.301
5.158208625388625,0.475,0.225,0.3
5.161450070603563,0.476,0.224,0.3
5.16193543882186,0.475,0.224,0.301
5.162510400033148,0.476,0.223,0.301
5.162735840301313,0.475,0.224,0.301
5.165746642912255,0.474,0.224,0.302
5.167471596390029,0.473,0.225,0.302
5.169847641683359,0.474,0.224,0.302
5.170318984008917,0.473,0.225,0.302
5.170518370162929,0.474,0.225,0.301
5.170881844584481,0.473,0.225,0.302
5.170932553364827,0.472,0.226,0.302
5.175176844659655,0.471,0.227,0.302
5.182458471411528,0.47,0.227,0.303
5.183949645681622,0.469,0.228,0.303
5.189821429844518,0.47,0.227,0.303
5.190223894125396,0.471,0.226,0.303
5.194258270609752,0.472,0.225,0.303
5.200191193859005,0.473,0.224,0.303
5.200880458524436,0.474,0.223,0.303
5.203921150453852,0.475,0.223,0.302
5.205060780036296,0.476,0.222,0.302
5.211365099011091,0.477,0.221,0.302
5.213616754069145,0.478,0.221,0.301
5.213794739499674,0.477,0.221,0.302
5.217858199466297,0.476,0.221,0.303
5.222486343598763,0.475,0.221,0.304
5.2352297318974985,0.476,0.22,0.304
5.235976235326907,0.477,0.219,0.304
5.238346296184505,0.476,0.22,0.304
5.2488476946857,0.477,0.219,0.304
5.2553604856391685,0.476,0.219,0.305
5.256520245831919,0.475,0.219,0.306
5.25834828658457,0.474,0.22,0.306
5.2603378668037335,0.473,0.22,0.307
5.260682159984399,0.472,0.221,0.307
5.267276832280085,0.473,0.22,0.307
5.269321426237695,0.472,0.22,0.308
5.269363652483232,0.471,0.221,0.308
5.271562124651155,0.472,0.22,0.308
5.275172733645386,0.471,0.22,0.309
5.276780105871457,0.472,0.219,0.309
5.277460226160706,0.473,0.218,0.309
5.283021669362359,0.474,0.218,0.308
5.283337341668478,0.473,0.218,0.309
5.284347840204135,0.474,0.217,0.309
5.286018582671372,0.475,0.216,0.309
5.287701776206493,0.476,0.215,0.309
5.288916619514552,0.477,0.215,0.308
5.28954418975657,0.478,0.214,0.308
5.291784568336303,0.479,0.213,0.308
5.293078120266056,0.48,0.212,0.308
5.294049498867075,0.481,0.211,0.308
5.301970010847925,0.48,0.212,0.308
5.302128198621702,0.481,0.211,0.308
5.30283482346061,0.482,0.21,0.308
5.302976576347791,0.483,0.209,0.308
5.304173715529328,0.482,0.209,0.309
5.306246475621401,0.483,0.208,0.309
5.307211533663371,0.484,0.207,0.309
5.307940446322742,0.485,0.206,0.309
5.312155782004649,0.484,0.207,0.309
5.312444944713972,0.485,0.206,0.309
