time,f0,f1,f2
0.0,1.0,0.0,0.0
0.002242596783283524,0.999,0.001,0.0
0.008136308909272314,0.998,0.002,0.0
0.011267287326769251,0.997,0.003,0.0
0.028566279407125694,0.996,0.004,0.0
0.06098519621176766,0.995,0.004,0.001
0.07467021677299714,0.994,0.005,0.001
0.07743488724634248,0.993,0.006,0.001
0.08646229464066607,0.992,0.007,0.001
0.08666432718268006,0.991,0.007,0.002
0.08824858439578347,0.99,0.007,0.003
0.09184035068040798,0.989,0.008,0.003
0.1038896879583244,0.988,0.008,0.004
0.10685030851588918,0.987,0.009,0.004
0.11563830962312678,0.986,0.01,0.004
0.13206622567237936,0.985,0.01,0.005
0.13774131743185983,0.984,0.01,0.006
0.14452172535916924,0.983,0.011,0.006
0.14562967533806803,0.982,0.011,0.007
0.15076522103381468,0.981,0.012,0.007
0.16745941027670377,0.98,0.013,0.007
0.17240503345328315,0.979,0.014,0.007
0.1853850289616062,0.978,0.015,0.007
0.18573897734813838,0.977,0.015,0.008
0.19200184253543576,0.976,0.015,0.009
0.19590715722409618,0.975,0.015,0.01
0.19618597156789488,0.974,0.016,0.01
0.19988199257277597,0.973,0.016,0.011
0.20018291081236236,0.972,0.016,0.012
0.2042082650443487,0.971,0.016,0.013
0.21382326936729193,0.97,0.017,0.013
0.21689023008993494,0.969,0.018,0.013
0.22199926681912382,0.968,0.018,0.014
0.2247903977715273,0.967,0.019,0.014
0.22622294284105227,0.966,0.019,0.015
0.2265062451593698,0.965,0.02,0.015
0.22682411384975626,0.964,0.02,0.016
0.23951970953184826,0.963,0.021,0.016
0.24643238139075943,0.962,0.021,0.017
0.25613726156005684,0.961,0.022,0.017
0.2647378573562305,0.96,0.022,0.018
0.2697341657392323,0.959,0.023,0.018
0.27501190116137353,0.958,0.023,0.019
0.28175293875966195,0.957,0.023,0.02
0.28365314617451515,0.956,0.023,0.021
0.28409280190992137,0.955,0.024,0.021
0.28681448397476705,0.954,0.025,0.021
0.31037105738871085,0.953,0.026,0.021
0.3166934154897994,0.952,0.026,0.022
0.32796037061770966,0.951,0.027,0.022
0.331620559099347,0.95,0.027,0.023
0.3381510120791648,0.949,0.027,0.024
0.3396594826309849,0.948,0.028,0.024
0.3542535152851386,0.947,0.029,0.024
0.3563551576265414,0.946,0.03,0.024
0.36080550031257047,0.945,0.031,0.024
0.3717060959588315,0.944,0.031,0.025
0.37601755540314663,0.943,0.031,0.026
0.3802481037757784,0.942,0.032,0.026
0.3814621652628659,0.941,0.033,0.026
0.38207044643191407,0.94,0.033,0.027
0.39051933531975636,0.939,0.033,0.028
0.4138505420771786,0.938,0.034,0.028
0.42906851750254055,0.937,0.034,0.029
0.42945124806510443,0.936,0.035,0.029
0.431958897548333,0.935,0.035,0.03
0.4355352599479682,0.934,0.035,0.031
0.43714759392866676,0.933,0.035,0.032
0.4456866422719875,0.932,0.035,0.033
0.44688390443733744,0.931,0.035,0.034
0.45307450676809014,0.93,0.035,0.035
0.45920974448525265,0.931,0.034,0.035
0.47776171423160463,0.93,0.034,0.036
0.4789352339076198,0.929,0.035,0.036
0.4791284841737308,0.928,0.035,0.037
0.47917793999836045,0.927,0.036,0.037
0.47963068008519316,0.926,0.036,0.038
0.48157867480115046,0.925,0.037,0.038
0.4882906236970182,0.924,0.038,0.038
0.5083834822461705,0.923,0.038,0.039
0.5109784449538496,0.922,0.039,0.039
0.5120388323295663,0.921,0.04,0.039
0.515227294317801,0.92,0.04,0.04
0.5456436942635831,0.919,0.041,0.04
0.5533095647092297,0.918,0.042,0.04
0.554822675641786,0.919,0.041,0.04
0.5567534103255332,0.918,0.041,0.041
0.5585361771168117,0.917,0.042,0.041
0.5595089658967557,0.916,0.042,0.042
0.5648788955308478,0.915,0.043,0.042
0.5654176337023072,0.914,0.043,0.043
0.5696718541338408,0.913,0.044,0.043
0.5727714300519,0.912,0.045,0.043
0.5735715040951403,0.911,0.045,0.044
0.5851829433863043,0.91,0.045,0.045
0.5957205471710113,0.909,0.046,0.045
0.598681574162278,0.91,0.045,0.045
0.6003699183619412,0.909,0.046,0.045
0.6203229089018159,0.908,0.046,0.046
0.6322182539848075,0.907,0.047,0.046
0.6342206843006503,0.906,0.048,0.046
0.6342789158170029,0.905,0.048,0.047
0.6401587169060607,0.904,0.049,0.047
0.6534420301563457,0.903,0.05,0.047
0.6685207448798234,0.902,0.05,0.048
0.6767425069712739,0.901,0.05,0.049
0.6835494625325218,0.9,0.05,0.05
0.6947459390327406,0.899,0.051,0.05
0.7021843430187215,0.898,0.052,0.05
0.7186134868999212,0.897,0.052,0.051
0.7354601209399898,0.896,0.052,0.052
0.7403332903299294,0.895,0.053,0.052
0.7478565985933042,0.896,0.053,0.051
0.7510747129963264,0.895,0.053,0.052
0.7580158742823899,0.894,0.054,0.052
0.7661036281275284,0.893,0.055,0.052
0.7769097664297399,0.892,0.055,0.053
0.7791733756468829,0.891,0.055,0.054
0.8085934105753678,0.89,0.055,0.055
0.8165570645080645,0.889,0.056,0.055
0.8192908497275438,0.888,0.057,0.055
0.8250149139905534,0.887,0.058,0.055
0.8271660716242331,0.886,0.059,0.055
0.8323906605189528,0.885,0.059,0.056
0.8347881888769586,0.884,0.06,0.056
0.8516984218744785,0.885,0.06,0.055
0.8604801194011884,0.886,0.059,0.055
0.8686786374147842,0.885,0.059,0.056
0.8704907644279576,0.884,0.059,0.057
0.8765655194743222,0.883,0.06,0.057
0.878028789249329,0.882,0.06,0.058
0.8882205492559389,0.881,0.061,0.058
0.8964517171168557,0.88,0.061,0.059
0.90340482903548,0.881,0.06,0.059
0.9064679842779301,0.88,0.06,0.06
0.9127084202018747,0.879,0.061,0.06
0.9152960094079851,0.878,0.062,0.06
0.9157176644703391,0.877,0.062,0.061
0.9159048269064972,0.876,0.062,0.062
0.9232689251104563,0.875,0.062,0.063
0.9320689509329693,0.874,0.062,0.064
0.9330123155801263,0.873,0.062,0.065
0.9548260428782092,0.872,0.063,0.065
0.9627367097268816,0.871,0.063,0.066
0.9643318920580624,0.87,0.063,0.067
0.9767671668599287,0.869,0.063,0.068
0.9844067031026751,0.87,0.062,0.068
0.9871103651425723,0.869,0.062,0.069
0.9913837354127046,0.868,0.063,0.069
0.9936382974138476,0.867,0.064,0.069
0.9965991095151692,0.866,0.065,0.069
1.0123659558027853,0.865,0.066,0.069
1.0178145918329649,0.864,0.067,0.069
1.0183746827035787,0.863,0.068,0.069
1.020961005806221,0.862,0.068,0.07
1.0308291011355266,0.861,0.068,0.071
1.0364658677446135,0.86,0.069,0.071
1.0411231107538588,0.859,0.069,0.072
1.045342313669957,0.858,0.07,0.072
1.0597615297895837,0.857,0.071,0.072
1.0613358013080352,0.856,0.071,0.073
1.0626654385493608,0.855,0.072,0.073
1.0628717703599693,0.854,0.072,0.074
1.071101744654501,0.853,0.072,0.075
1.0782856076156455,0.852,0.073,0.075
1.0836044801694487,0.851,0.073,0.076
1.0916620672024175,0.85,0.073,0.077
1.0934934200750477,0.849,0.074,0.077
1.0942965556251558,0.848,0.075,0.077
1.0949052278804865,0.847,0.076,0.077
1.095132627046992,0.848,0.075,0.077
1.0957422280587048,0.847,0.076,0.077
1.1036493495216713,0.846,0.077,0.077
1.112959215447359,0.845,0.077,0.078
1.1312647829494917,0.844,0.077,0.079
1.1334355852663494,0.843,0.077,0.08
1.141403985190259,0.842,0.077,0.081
1.1441641581417719,0.841,0.077,0.082
1.1517487348728297,0.84,0.077,0.083
1.1600982365594885,0.841,0.077,0.082
1.160374114860057,0.84,0.078,0.082
1.162876632468722,0.839,0.078,0.083
1.1650402492989076,0.838,0.079,0.083
1.169403192412492,0.837,0.079,0.084
1.1700730248389002,0.836,0.079,0.085
1.1745691329742272,0.835,0.08,0.085
1.177856161897249,0.834,0.08,0.086
1.1789359362904646,0.833,0.081,0.086
1.1829613404854817,0.832,0.082,0.086
1.1916222849412774,0.831,0.083,0.086
1.196855328636536,0.83,0.083,0.087
1.1976641775507817,0.829,0.083,0.088
1.1976828652855505,0.828,0.084,0.088
1.1989345809348937,0.827,0.084,0.089
1.2057300000715832,0.828,0.083,0.089
1.2123815092398804,0.827,0.084,0.089
1.2175807128901333,0.826,0.085,0.089
1.2199738229146613,0.825,0.085,0.09
1.2215651986747902,0.824,0.086,0.09
1.2234466715484202,0.823,0.087,0.09
1.227798192132101,0.822,0.087,0.091
1.2412540308471363,0.821,0.087,0.092
1.2497399881869313,0.82,0.088,0.092
1.2527309123742156,0.819,0.089,0.092
1.2608264852226199,0.818,0.09,0.092
1.2611179768319893,0.817,0.091,0.092
1.2615202229142175,0.816,0.091,0.093
1.261677628464807,0.815,0.091,0.094
1.2657621785092594,0.814,0.091,0.095
1.2723973349056084,0.813,0.092,0.095
1.2779958335572204,0.812,0.092,0.096
1.2793113724386074,0.811,0.092,0.097
1.2897590642077585,0.81,0.092,0.098
1.3017853723856592,0.809,0.093,0.098
1.311069889768417,0.808,0.094,0.098
1.3234955364606507,0.807,0.094,0.099
1.3242293754248802,0.806,0.095,0.099
1.3362592619543878,0.805,0.096,0.099
1.349502838347386,0.804,0.097,0.099
1.3554420882486657,0.803,0.098,0.099
1.3589146678151287,0.802,0.099,0.099
1.362077310761659,0.801,0.1,0.099
1.3672017894416868,0.8,0.1,0.1
1.3741771075769589,0.799,0.1,0.101
1.3791176034079642,0.798,0.1,0.102
1.3818925063268557,0.797,0.101,0.102
1.3866184577601794,0.796,0.102,0.102
1.3897795556933374,0.797,0.101,0.102
1.3957603150946427,0.798,0.1,0.102
1.396342216048858,0.797,0.1,0.103
1.3989082496089846,0.796,0.101,0.103
1.4051238418098044,0.795,0.101,0.104
1.4309855551647408,0.794,0.101,0.105
1.4317698947855415,0.795,0.101,0.104
1.4362845154434465,0.794,0.102,0.104
1.4428439984892634,0.793,0.103,0.104
1.453095096838561,0.792,0.104,0.104
1.4595565655093994,0.791,0.104,0.105
1.4792598427824815,0.79,0.104,0.106
1.4807713339958355,0.789,0.104,0.107
1.4815774011419591,0.788,0.105,0.107
1.4827301453497697,0.787,0.105,0.108
1.4872936815525144,0.786,0.106,0.108
1.492737665994153,0.785,0.106,0.109
1.495338802642415,0.784,0.107,0.109
1.4982290527557938,0.785,0.107,0.108
1.5071359097825798,0.784,0.108,0.108
1.52030500658602,0.783,0.108,0.109
1.5277228371600444,0.782,0.109,0.109
1.5342087796242385,0.781,0.109,0.11
1.5366591652841415,0.78,0.11,0.11
1.5384391786920375,0.779,0.11,0.111
1.540265637298219,0.778,0.111,0.111
1.554508429011375,0.777,0.111,0.112
1.5647592724771862,0.776,0.111,0.113
1.5698756461691323,0.775,0.111,0.114
1.5752062806152043,0.776,0.11,0.114
1.5775586566838247,0.775,0.11,0.115
1.5777802597201633,0.774,0.11,0.116
1.5799108359812162,0.773,0.11,0.117
1.5843705391423533,0.774,0.109,0.117
1.5956535782534111,0.773,0.109,0.118
1.6014906040870618,0.774,0.108,0.118
1.6056776735265499,0.773,0.109,0.118
1.6097522007544836,0.772,0.11,0.118
1.6108598639043947,0.771,0.111,0.118
1.613363235408083,0.77,0.111,0.119
1.6160053255870486,0.769,0.111,0.12
1.6397441380476765,0.768,0.111,0.121
1.6481037897031998,0.767,0.111,0.122
1.6490612839753132,0.766,0.111,0.123
1.653865117963391,0.765,0.112,0.123
1.6544869897591463,0.764,0.113,0.123
1.6665139157623634,0.763,0.113,0.124
1.6669482710256438,0.762,0.114,0.124
1.6691253468808347,0.763,0.113,0.124
1.672469320549634,0.762,0.113,0.125
1.6755795331760706,0.761,0.113,0.126
1.6791112967862338,0.76,0.113,0.127
1.679118895388424,0.759,0.114,0.127
1.6847873588797064,0.758,0.115,0.127
1.702202815606423,0.759,0.115,0.126
1.7097036833757642,0.758,0.116,0.126
1.7103003797002367,0.759,0.116,0.125
1.7165136163732797,0.76,0.115,0.125
1.720770413448018,0.759,0.115,0.126
1.7231610180125492,0.758,0.115,0.127
1.729881458981058,0.757,0.115,0.128
1.735314362411939,0.756,0.116,0.128
1.7465162013765345,0.755,0.116,0.129
1.7467076883489854,0.754,0.117,0.129
1.7471712563254764,0.753,0.117,0.13
1.754694253000122,0.752,0.118,0.13
1.7599711660676558,0.751,0.118,0.131
1.7667905210482764,0.75,0.118,0.132
1.7823552113863537,0.749,0.118,0.133
1.7898773733110547,0.748,0.119,0.133
1.7937908364617103,0.749,0.118,0.133
1.797548346102526,0.75,0.118,0.132
1.7979377074213123,0.749,0.118,0.133
1.7989738687862784,0.748,0.118,0.134
1.803593595189841,0.747,0.118,0.135
1.8049036359599109,0.746,0.119,0.135
1.808514005355718,0.747,0.119,0.134
1.8154231897683215,0.748,0.119,0.133
1.8225585842630352,0.747,0.119,0.134
1.834760997071718,0.746,0.12,0.134
1.838470834778534,0.745,0.121,0.134
1.8392605364728405,0.744,0.121,0.135
1.8408339591741143,0.743,0.121,0.136
1.8558546631817676,0.742,0.122,0.136
1.8572938245622592,0.741,0.123,0.136
1.8643776474905895,0.74,0.124,0.136
1.86633309849187,0.739,0.124,0.137
1.8688889101589357,0.738,0.124,0.138
1.8697220687478102,0.739,0.123,0.138
1.8727554003360716,0.738,0.123,0.139
1.8779515153850297,0.737,0.123,0.14
1.8816085791318373,0.736,0.124,0.14
1.8818666142337588,0.735,0.125,0.14
1.9045188945462082,0.736,0.125,0.139
1.9101341193504762,0.735,0.126,0.139
1.9112041868215142,0.734,0.127,0.139
1.9236301886770266,0.733,0.128,0.139
1.9316388707275487,0.732,0.128,0.14
1.932830182591267,0.731,0.128,0.141
1.934983412658812,0.73,0.128,0.142
1.9385744476476583,0.729,0.129,0.142
1.952257707092563,0.728,0.129,0.143
1.9535475517478726,0.729,0.129,0.142
1.9586446835043507,0.73,0.129,0.141
1.959795628725201,0.729,0.13,0.141
1.9618333333088396,0.728,0.13,0.142
1.9645886008751137,0.727,0.13,0.143
1.9692232239183236,0.726,0.13,0.144
1.979555693401254,0.725,0.13,0.145
1.9829527677116878,0.724,0.13,0.146
1.9917956201958327,0.723,0.13,0.147
1.9978978785861474,0.724,0.13,0.146
2.0045895063710266,0.723,0.13,0.147
2.0251107196619973,0.722,0.131,0.147
2.038121242064195,0.721,0.132,0.147
2.0705534525405924,0.72,0.133,0.147
2.0764475797875064,0.719,0.133,0.148
2.082413360747562,0.718,0.133,0.149
2.103164874450399,0.719,0.132,0.149
2.1047982127157017,0.718,0.132,0.15
2.107106076369979,0.717,0.133,0.15
2.118719347602464,0.716,0.133,0.151
2.12685206958815,0.715,0.133,0.152
2.1277200335020985,0.714,0.134,0.152
2.1283266751011185,0.713,0.135,0.152
2.1293613044775985,0.714,0.134,0.152
2.1369189137775115,0.713,0.134,0.153
2.1425086376395277,0.712,0.135,0.153
2.142552517977192,0.711,0.136,0.153
2.145625831812461,0.71,0.136,0.154
2.1457382622185572,0.709,0.136,0.155
2.14601816029556,0.708,0.137,0.155
2.154047156832365,0.707,0.137,0.156
2.1554163043025656,0.706,0.138,0.156
2.1616154214400676,0.705,0.138,0.157
2.1650621720490486,0.704,0.138,0.158
2.1701790955725775,0.705,0.137,0.158
2.1794912657637155,0.706,0.137,0.157
2.188451194439597,0.705,0.137,0.158
2.1979183569102583,0.704,0.137,0.159
2.2074040920197717,0.703,0.138,0.159
2.2106424020932063,0.702,0.139,0.159
2.2114584309394254,0.701,0.14,0.159
2.2121565494624598,0.7,0.14,0.16
2.21997330308698,0.699,0.14,0.161
2.2260710458406305,0.7,0.14,0.16
2.2299214706126897,0.699,0.141,0.16
2.2303814383025915,0.698,0.141,0.161
2.234224075231467,0.699,0.14,0.161
2.236569142764025,0.698,0.14,0.162
2.2478528186710247,0.697,0.14,0.163
2.2590541767473997,0.696,0.141,0.163
2.265864184880905,0.695,0.141,0.164
2.2689096135864917,0.694,0.141,0.165
2.269552937644114,0.693,0.141,0.166
2.269693208399422,0.692,0.141,0.167
2.285773497093814,0.691,0.142,0.167
2.289993088661354,0.692,0.141,0.167
2.290407042144083,0.691,0.142,0.167
2.303872679120106,0.692,0.142,0.166
2.3049575853083337,0.691,0.142,0.167
2.308741223284314,0.69,0.142,0.168
2.3132497493909856,0.691,0.142,0.167
2.3244170206111288,0.69,0.142,0.168
2.3314980241268395,0.689,0.143,0.168
2.333119418534868,0.688,0.143,0.169
2.334678783569077,0.687,0.144,0.169
2.3480070535625326,0.686,0.144,0.17
2.3522826515654653,0.685,0.145,0.17
2.3649346600388794,0.686,0.145,0.169
2.366009653781198,0.685,0.145,0.17
2.3675299287390907,0.684,0.146,0.17
2.370636998885546,0.683,0.146,0.171
2.3742160003401245,0.682,0.147,0.171
2.3748717423711163,0.681,0.147,0.172
2.3768126288919036,0.68,0.147,0.173
2.3811084381102536,0.679,0.147,0.174
2.3863833306958075,0.678,0.147,0.175
2.3965883697139385,0.677,0.148,0.175
2.405223865390904,0.676,0.149,0.175
2.4079299252870205,0.675,0.15,0.175
2.4097690777019505,0.674,0.151,0.175
2.4126960956035295,0.675,0.15,0.175
2.4149330525126995,0.674,0.151,0.175
2.4154748040709975,0.673,0.152,0.175
2.421705981233248,0.674,0.151,0.175
2.4232361173597408,0.673,0.151,0.176
2.4235675473630582,0.672,0.151,0.177
2.423859471653479,0.671,0.152,0.177
2.424163166743878,0.67,0.152,0.178
2.4249003535364797,0.669,0.152,0.179
2.426779783328825,0.668,0.153,0.179
2.441034952643656,0.667,0.154,0.179
2.4419544982588284,0.666,0.155,0.179
2.4436641884783983,0.665,0.155,0.18
2.4447715239865118,0.664,0.155,0.181
2.4493044789952925,0.665,0.155,0.18
2.4498492759207653,0.664,0.155,0.181
2.4594614969300825,0.663,0.156,0.181
2.460336291566297,0.664,0.156,0.18
2.463172227681159,0.663,0.157,0.18
2.4637127917759636,0.662,0.157,0.181
2.4648293106075876,0.661,0.157,0.182
2.494764565819836,0.66,0.157,0.183
2.506795998316398,0.659,0.158,0.183
2.509917901895905,0.658,0.159,0.183
2.5123910114380767,0.657,0.159,0.184
2.514083759002643,0.658,0.158,0.184
2.522265906399222,0.657,0.158,0.185
2.522899913007972,0.656,0.158,0.186
2.5282631490797103,0.657,0.157,0.186
2.542351991736073,0.658,0.156,0.186
2.5454819369312256,0.657,0.157,0.186
2.5459546239155784,0.656,0.157,0.187
2.54983245567918,0.655,0.157,0.188
2.5526939403051103,0.654,0.157,0.189
2.559958179539043,0.653,0.158,0.189
2.560891755436267,0.652,0.158,0.19
2.5628691394864043,0.651,0.159,0.19
2.579409722061047,0.65,0.159,0.191
2.5798199391295946,0.649,0.16,0.191
2.5809475284156247,0.648,0.16,0.192
2.5963017102115327,0.647,0.161,0.192
2.6011765280848,0.646,0.161,0.193
2.608672383804245,0.645,0.161,0.194
2.6107678172260864,0.644,0.161,0.195
2.6135896667616083,0.643,0.162,0.195
2.626472263102306,0.644,0.161,0.195
2.6335473813205943,0.643,0.161,0.196
2.6416205329404874,0.642,0.162,0.196
2.6471752522957277,0.641,0.163,0.196
2.650442439165104,0.64,0.163,0.197
2.655742823507264,0.639,0.163,0.198
2.6603902829462123,0.638,0.164,0.198
2.6621869673529654,0.639,0.164,0.197
2.667044547417679,0.638,0.164,0.198
2.6698101621608936,0.637,0.164,0.199
2.681160336539344,0.636,0.164,0.2
2.684550096038978,0.637,0.164,0.199
2.6863912395699656,0.636,0.164,0.2
2.6889878898606585,0.635,0.165,0.2
2.6961708664114443,0.636,0.164,0.2
2.6966297498421086,0.635,0.165,0.2
2.703716641865348,0.634,0.166,0.2
2.705896227146704,0.633,0.167,0.2
2.7081822009913257,0.632,0.167,0.201
2.7083284684038444,0.633,0.166,0.201
2.7127574282407174,0.634,0.165,0.201
2.714417123556239,0.633,0.165,0.202
2.721956608043756,0.632,0.166,0.202
2.7250400417955905,0.633,0.166,0.201
2.728309032205641,0.632,0.167,0.201
2.729595039847377,0.631,0.168,0.201
2.734180521527152,0.63,0.169,0.201
2.734482699132056,0.631,0.169,0.2
2.735174572420033,0.63,0.17,0.2
2.7395638374690057,0.629,0.171,0.2
2.7422270945896083,0.628,0.171,0.201
2.7425561066864406,0.629,0.17,0.201
2.7448061905061,0.628,0.171,0.201
2.749675850517736,0.627,0.172,0.201
2.765212763032903,0.626,0.173,0.201
2.766178571163902,0.627,0.173,0.2
2.768806929452534,0.626,0.173,0.201
2.7715462003030495,0.627,0.172,0.201
2.7746765281161325,0.626,0.172,0.202
2.775372230803535,0.625,0.173,0.202
2.7764412949038,0.626,0.173,0.201
2.781525372545435,0.627,0.173,0.2
2.7880357415510257,0.626,0.173,0.201
2.798133594979274,0.625,0.173,0.202
2.8063826875269764,0.624,0.173,0.203
2.811153280361969,0.623,0.173,0.204
2.811510028832188,0.624,0.172,0.204
2.813024805422148,0.623,0.172,0.205
2.8162789558573453,0.622,0.173,0.205
2.821820507788587,0.623,0.172,0.205
2.8234629585527187,0.624,0.172,0.204
2.8384022099411252,0.623,0.172,0.205
2.8390092771342768,0.622,0.173,0.205
2.840946332118125,0.623,0.173,0.204
2.8510963183027735,0.622,0.174,0.204
2.853316761630326,0.621,0.175,0.204
2.86011805083356,0.62,0.176,0.204
2.8713191297657965,0.619,0.176,0.205
2.878662085281307,0.618,0.177,0.205
2.8826316944365824,0.617,0.177,0.206
2.8892059413867224,0.616,0.177,0.207
2.8929144133446636,0.615,0.178,0.207
2.8955397291344647,0.616,0.177,0.207
2.904466759476076,0.617,0.177,0.206
2.9077926493293433,0.616,0.177,0.207
2.912678325886219,0.615,0.177,0.208
2.9145664061421463,0.616,0.176,0.208
2.9178056093204248,0.615,0.177,0.208
2.9201374748276376,0.614,0.178,0.208
2.9254652599631426,0.613,0.178,0.209
2.930759466583471,0.612,0.179,0.209
2.9327714721954052,0.611,0.18,0.209
2.9344282346747694,0.61,0.18,0.21
2.9555036406716293,0.609,0.18,0.211
2.955659873116973,0.608,0.18,0.212
2.9647552724259385,0.607,0.181,0.212
2.9757424869592213,0.606,0.181,0.213
2.9779379033937783,0.605,0.181,0.214
2.9794527280239627,0.604,0.182,0.214
2.9848092393809504,0.603,0.183,0.214
2.9865114375215245,0.602,0.184,0.214
3.0065370615264646,0.601,0.184,0.215
3.008109347289285,0.6,0.185,0.215
3.0088453212671116,0.601,0.184,0.215
3.0095537811088433,0.6,0.185,0.215
3.0141244515106367,0.599,0.185,0.216
3.0162610228566415,0.598,0.186,0.216
3.0191477723623708,0.597,0.187,0.216
3.0211567753008497,0.598,0.186,0.216
3.0222629924245217,0.597,0.186,0.217
3.028715053499248,0.596,0.186,0.218
3.032828933866888,0.595,0.187,0.218
3.0355098356794623,0.594,0.188,0.218
3.0370485050094698,0.593,0.188,0.219
3.041385012507378,0.592,0.188,0.22
3.047617570243541,0.593,0.187,0.22
3.049714970044661,0.592,0.187,0.221
3.060350130326772,0.591,0.187,0.222
3.0632147508360243,0.59,0.187,0.223
3.0632383604236515,0.591,0.187,0.222
3.071191405202813,0.592,0.187,0.221
3.072100217063218,0.591,0.187,0.222
3.0833757829271953,0.59,0.188,0.222
3.0879184610089085,0.589,0.189,0.222
3.0933090287903786,0.588,0.189,0.223
3.093637623796856,0.587,0.19,0.223
3.107212582531218,0.586,0.19,0.224
3.110054455850303,0.585,0.191,0.224
3.116990950178105,0.586,0.191,0.223
3.1277709694324374,0.585,0.192,0.223
3.1309819631122227,0.584,0.193,0.223
3.134965966410506,0.583,0.193,0.224
3.149081891531839,0.584,0.193,0.223
3.15003312325111,0.583,0.193,0.224
3.154075880082099,0.582,0.193,0.225
3.1598176797056072,0.581,0.193,0.226
3.1683616686884704,0.582,0.192,0.226
3.170542659904227,0.581,0.192,0.227
3.174717926543483,0.58,0.192,0.228
3.1777170921009334,0.579,0.193,0.228
3.183092844062862,0.578,0.194,0.228
3.184231880577026,0.577,0.195,0.228
3.198689719544993,0.576,0.195,0.229
3.201244192253916,0.575,0.195,0.23
3.2033917478265113,0.576,0.195,0.229
3.2137328578740054,0.575,0.195,0.23
3.2139675603160547,0.576,0.194,0.23
3.215302083841316,0.575,0.194,0.231
3.223820961041826,0.574,0.194,0.232
3.2257326289854173,0.575,0.194,0.231
3.229376033750824,0.574,0.194,0.232
3.230801796628186,0.573,0.194,0.233
3.2330323464652215,0.572,0.194,0.234
3.248042386536126,0.573,0.194,0.233
3.248088649012377,0.574,0.193,0.233
3.2500008556576576,0.573,0.193,0.234
3.265299118749735,0.572,0.194,0.234
3.2814086462847,0.573,0.193,0.234
3.283282061617501,0.572,0.193,0.235
3.284527889531796,0.571,0.194,0.235
3.299425234787131,0.57,0.195,0.235
3.300523944694329,0.569,0.196,0.235
3.3042472793612347,0.568,0.197,0.235
3.30567887312008,0.567,0.197,0.236
3.3085782740875844,0.568,0.197,0.235
3.3128560237612805,0.569,0.196,0.235
3.316813703137926,0.568,0.197,0.235
3.3194712895154037,0.569,0.197,0.234
3.3321400761256226,0.568,0.197,0.235
3.3370722947073106,0.567,0.197,0.236
3.3429034547072676,0.566,0.197,0.237
3.348730991535392,0.565,0.197,0.238
3.350581329005792,0.564,0.197,0.239
3.3549744740918217,0.563,0.197,0.24
3.3566174051400037,0.562,0.198,0.24
3.357901347002972,0.561,0.198,0.241
3.366416708012889,0.56,0.198,0.242
3.3677592440207573,0.559,0.199,0.242
3.3837499302992615,0.56,0.198,0.242
3.3848111732572685,0.561,0.198,0.241
3.386138823702612,0.562,0.197,0.241
3.3899235707519915,0.561,0.198,0.241
3.390185171445454,0.562,0.197,0.241
3.3902687834509453,0.561,0.198,0.241
3.392515600255151,0.562,0.197,0.241
3.4073033060943136,0.561,0.198,0.241
3.4124913386128948,0.56,0.198,0.242
3.412988398568573,0.559,0.198,0.243
3.4175292054269484,0.56,0.198,0.242
3.4216957310893252,0.559,0.199,0.242
3.425301339454643,0.56,0.198,0.242
3.446729907591819,0.559,0.198,0.243
3.450016320704946,0.558,0.199,0.243
3.456088049207756,0.557,0.199,0.244
3.4616584555939816,0.558,0.198,0.244
3.4710543273904064,0.559,0.197,0.244
3.475656959237994,0.558,0.198,0.244
3.477715541907828,0.557,0.198,0.245
3.484490088677984,0.558,0.198,0.244
3.486585528929834,0.557,0.198,0.245
3.4968270910316326,0.556,0.199,0.245
3.5102468088315804,0.555,0.199,0.246
3.523055900569317,0.554,0.199,0.247
3.523341474018032,0.553,0.2,0.247
3.5273752630201356,0.554,0.199,0.247
3.5305705756882855,0.555,0.199,0.246
3.5401392374879674,0.554,0.2,0.246
3.5436564237488013,0.553,0.201,0.246
3.544248034520584,0.552,0.202,0.246
3.5518385556588457,0.551,0.202,0.247
3.5625376424330013,0.552,0.201,0.247
3.5735739506199447,0.551,0.201,0.248
3.5735833856942385,0.55,0.202,0.248
3.5746202221975834,0.549,0.203,0.248
3.576986715237886,0.548,0.203,0.249
3.5930373081727693,0.549,0.203,0.248
3.5967928871541637,0.548,0.204,0.248
3.599121880271587,0.547,0.205,0.248
3.6011071254398987,0.546,0.205,0.249
3.602368502634157,0.547,0.204,0.249
3.611315340337691,0.546,0.204,0.25
3.6155167423790826,0.545,0.205,0.25
3.6217363129104054,0.544,0.205,0.251
3.6302643714263625,0.543,0.206,0.251
3.631934540391702,0.542,0.206,0.252
3.6406209730513663,0.541,0.207,0.252
3.640744757199887,0.54,0.208,0.252
3.6444139465894274,0.541,0.208,0.251
3.647084932717131,0.54,0.209,0.251
3.6592976783720106,0.541,0.209,0.25
3.671362251803484,0.54,0.21,0.25
3.6813561046752636,0.539,0.21,0.251
3.682534525856282,0.538,0.21,0.252
3.682932971062426,0.537,0.211,0.252
3.6877586000881326,0.536,0.212,0.252
3.6892513667244353,0.537,0.212,0.251
3.6967866385386157,0.536,0.212,0.252
3.7044432289502147,0.537,0.212,0.251
3.707912399451206,0.536,0.212,0.252
3.7184323143317437,0.537,0.212,0.251
3.7188700216650963,0.538,0.212,0.25
3.719391752261073,0.537,0.212,0.251
3.7212038955041087,0.536,0.212,0.252
3.7212170551470387,0.535,0.213,0.252
3.7249896478776563,0.534,0.214,0.252
3.725662010753755,0.533,0.215,0.252
3.7286539080533676,0.532,0.216,0.252
3.7375399895032206,0.531,0.217,0.252
3.7393082149152597,0.53,0.217,0.253
3.7430243978797137,0.531,0.217,0.252
3.7488608103987775,0.53,0.217,0.253
3.7566112969214,0.531,0.217,0.252
3.7576523377863817,0.53,0.218,0.252
3.764526435351525,0.531,0.218,0.251
3.7671869419572874,0.53,0.219,0.251
3.7689596136909995,0.529,0.22,0.251
3.7728769128276918,0.53,0.219,0.251
3.772982209012968,0.529,0.22,0.251
3.7739525966443352,0.53,0.22,0.25
3.779313907363036,0.529,0.221,0.25
3.7794608377793995,0.53,0.221,0.249
3.7862417254363114,0.529,0.221,0.25
3.7903933172556794,0.528,0.221,0.251
3.7925542859978725,0.527,0.222,0.251
3.8047980599906768,0.528,0.222,0.25
3.805868415094108,0.527,0.223,0.25
3.8071452039109617,0.526,0.223,0.251
3.8073154513406857,0.525,0.224,0.251
3.810900601058896,0.524,0.225,0.251
3.8153404491492635,0.525,0.224,0.251
3.81628110426512,0.524,0.224,0.252
3.817620865326429,0.523,0.225,0.252
3.818928927193079,0.524,0.225,0.251
3.8214707534747614,0.525,0.225,0.25
3.8388299482587427,0.524,0.225,0.251
3.8404803214908783,0.525,0.224,0.251
3.842374732744866,0.524,0.224,0.252
3.850854419186531,0.525,0.224,0.251
3.858253896659418,0.524,0.225,0.251
3.8634693716711883,0.523,0.226,0.251
3.865438390876439,0.522,0.226,0.252
3.8678268367890607,0.521,0.227,0.252
3.8774776498758996,0.52,0.227,0.253
3.8940650093797364,0.519,0.227,0.254
3.894414372960868,0.52,0.226,0.254
3.8972826029246663,0.519,0.226,0.255
3.9056690275339596,0.518,0.226,0.256
3.907805640441784,0.519,0.225,0.256
3.9138568254995643,0.518,0.225,0.257
3.915966251743875,0.517,0.225,0.258
3.925304498703369,0.516,0.225,0.259
3.9428495389966516,0.515,0.225,0.26
3.9471289116522015,0.514,0.226,0.26
3.95440749891502,0.515,0.225,0.26
3.9556899110559094,0.516,0.225,0.259
3.958683587094497,0.515,0.226,0.259
3.984368243682833,0.514,0.226,0.26
3.9919737507775293,0.513,0.227,0.26
4.001005729000561,0.512,0.228,0.26
4.0080392016119495,0.511,0.228,0.261
4.018406580769049,0.512,0.228,0.26
4.018668218013179,0.511,0.228,0.261
4.020958864682885,0.51,0.229,0.261
4.023974630772671,0.511,0.228,0.261
4.03158805473772,0.512,0.227,0.261
4.032121461338746,0.513,0.226,0.261
4.034451437818817,0.514,0.226,0.26
4.0362531109825115,0.513,0.227,0.26
4.042564671993872,0.512,0.228,0.26
4.055659574973827,0.511,0.228,0.261
4.0612201067445115,0.512,0.228,0.26
4.073007988790764,0.513,0.227,0.26
4.07570568642617,0.512,0.228,0.26
4.076665189642379,0.511,0.228,0.261
4.077348134866694,0.51,0.229,0.261
4.085346274145535,0.511,0.228,0.261
4.090086038229853,0.51,0.229,0.261
4.114181220022966,0.509,0.23,0.261
4.115713056199491,0.508,0.23,0.262
4.120229368507647,0.509,0.23,0.261
4.122179247606616,0.508,0.23,0.262
4.123090764790132,0.507,0.23,0.263
4.128185521700172,0.506,0.23,0.264
4.130259528849054,0.505,0.23,0.265
4.133637954780517,0.504,0.231,0.265
4.14254149134552,0.503,0.231,0.266
4.149027851816764,0.502,0.231,0.267
4.149858424956036,0.501,0.231,0.268
4.186828942632767,0.5,0.232,0.268
4.194995031508787,0.499,0.232,0.269
4.198520903229198,0.5,0.232,0.268
4.209923561213919,0.499,0.232,0.269
4.21512890495853,0.498,0.232,0.27
4.21637166177915,0.497,0.233,0.27
4.217586159692048,0.496,0.233,0.271
4.218969835652956,0.495,0.234,0.271
4.230556313081457,0.494,0.234,0.272
4.230723373791403,0.493,0.235,0.272
4.239370153937035,0.494,0.234,0.272
4.239501310939576,0.493,0.235,0.272
4.242759479768475,0.492,0.236,0.272
4.246259327273619,0.493,0.235,0.272
4.246494779189277,0.492,0.235,0.273
4.2548421880400085,0.493,0.234,0.273
4.268800025348283,0.492,0.235,0.273
4.2760980794593175,0.491,0.235,0.274
4.283939110686269,0.49,0.235,0.275
4.28644894244686,0.491,0.235,0.274
4.295373986349004,0.492,0.235,0.273
4.303998798685058,0.491,0.236,0.273
4.312677679181282,0.49,0.236,0.274
4.314077188601259,0.489,0.236,0.275
4.3396812556193,0.488,0.237,0.275
4.340848980363339,0.487,0.238,0.275
4.349646411943362,0.488,0.237,0.275
4.360254759713379,0.489,0.236,0.275
4.364547738681386,0.488,0.237,0.275
4.365892853594388,0.487,0.238,0.275
4.366887707920233,0.486,0.238,0.276
4.374029835157156,0.485,0.238,0.277
4.376256172410598,0.484,0.239,0.277
4.378026877285021,0.485,0.238,0.277
4.386160962329018,0.486,0.237,0.277
4.400951147829907,0.485,0.237,0.278
4.404757217198121,0.484,0.238,0.278
4.404900842137297,0.485,0.238,0.277
4.416576207885696,0.484,0.238,0.278
4.424878971924667,0.485,0.237,0.278
4.426259998278757,0.484,0.237,0.279
4.427308567012167,0.485,0.237,0.278
4.4296796920270065,0.484,0.237,0.279
4.42980474396682,0.485,0.237,0.278
4.442952603555435,0.484,0.237,0.279
4.448186260829989,0.483,0.238,0.279
4.4499105454229975,0.484,0.238,0.278
4.450651621091201,0.483,0.238,0.279
4.452048563273885,0.482,0.239,0.279
4.459902770913292,0.481,0.24,0.279
4.463352246303405,0.48,0.24,0.28
4.469250467477264,0.481,0.24,0.279
4.4794410524153285,0.48,0.241,0.279
4.48388260127278,0.481,0.24,0.279
4.484144466676997,0.48,0.24,0.28
4.484350946450392,0.479,0.24,0.281
4.48910210459386,0.478,0.241,0.281
4.493022735441959,0.479,0.24,0.281
4.497635132264245,0.478,0.24,0.282
4.503663860807657,0.477,0.24,0.283
4.511663803052898,0.476,0.241,0.283
4.518015960965241,0.477,0.24,0.283
4.522263047194637,0.478,0.24,0.282
4.5290316052514825,0.477,0.241,0.282
4.53486991817053,0.476,0.241,0.283
4.541317340256122,0.475,0.241,0.284
4.543016853504424,0.474,0.241,0.285
4.553903294082685,0.473,0.241,0.286
4.567790398535915,0.472,0.242,0.286
4.5701772352688135,0.473,0.241,0.286
4.578062912267667,0.472,0.241,0.287
4.594311332252902,0.471,0.241,0.288
4.597954314651405,0.47,0.241,0.289
4.598735887830552,0.469,0.241,0.29
4.599470458669296,0.468,0.241,0.291
4.604443910654253,0.469,0.241,0.29
4.614288010153901,0.468,0.241,0.291
4.627902090407897,0.467,0.242,0.291
4.635970005066178,0.468,0.241,0.291
4.644953116166938,0.467,0.242,0.291
4.644976127728172,0.466,0.242,0.292
4.650382349833244,0.465,0.242,0.293
4.661336969426832,0.464,0.243,0.293
4.66221899892646,0.463,0.244,0.293
4.662512656094299,0.462,0.245,0.293
4.663653302659674,0.463,0.244,0.293
4.668185630417865,0.462,0.245,0.293
4.669798447578846,0.461,0.245,0.294
4.670936742156749,0.462,0.244,0.294
4.677143738000849,0.463,0.243,0.294
4.683446948276054,0.462,0.244,0.294
4.684826089286719,0.461,0.245,0.294
4.689289867084956,0.46,0.245,0.295
4.693419093910065,0.459,0.245,0.296
4.698211907395967,0.458,0.245,0.297
4.700076389911165,0.457,0.246,0.297
4.706013489548649,0.458,0.245,0.297
4.713444125654806,0.457,0.245,0.298
4.72511422048287,0.458,0.244,0.298
4.730875415968255,0.459,0.243,0.298
4.733036708822643,0.458,0.243,0.299
4.734753040139025,0.459,0.242,0.299
4.735360695590104,0.458,0.242,0.3
4.736476187086576,0.457,0.243,0.3
4.7412037706059476,0.458,0.242,0.3
4.746337159238574,0.457,0.243,0.3
4.747194847232395,0.458,0.242,0.3
4.748502233622742,0.459,0.241,0.3
4.754642226292865,0.458,0.242,0.3
4.75904123444716,0.457,0.243,0.3
4.760943644455269,0.456,0.244,0.3
4.766819210524026,0.455,0.245,0.3
4.767535590748645,0.454,0.245,0.301
4.771134616649093,0.455,0.244,0.301
4.773701099761262,0.456,0.243,0.301
4.777356207529154,0.457,0.242,0.301
4.77793003773865,0.458,0.241,0.301
4.779938456295472,0.457,0.241,0.302
4.784001554340121,0.458,0.24,0.302
4.785021613489408,0.459,0.239,0.302
4.786926409344377,0.46,0.238,0.302
4.792439613894072,0.459,0.239,0.302
4.794900099068265,0.46,0.238,0.302
4.798793362958636,0.461,0.238,0.301
4.799478709881048,0.46,0.239,0.301
4.805464541405069,0.461,0.238,0.301
4.806951577785366,0.462,0.237,0.301
4.807122416437874,0.461,0.238,0.301
4.80847269468994,0.46,0.239,0.301
4.8106573769503,0.461,0.238,0.301
4.815209422566267,0.462,0.237,0.301
4.82138317727937,0.461,0.237,0.302
4.821408274439405,0.462,0.236,0.302
4.829771018872108,0.463,0.235,0.302
4.834073557760897,0.462,0.236,0.302
4.834455634587369,0.463,0.235,0.302
4.835105174711843,0.464,0.234,0.302
4.8366658198415635,0.463,0.234,0.303
4.838981991116571,0.464,0.233,0.303
4.838982633844057,0.463,0.233,0.304
4.8422063126142545,0.464,0.232,0.304
4.842910346798056,0.465,0.231,0.304
4.84565271508225,0.464,0.232,0.304
4.84955426535223,0.463,0.232,0.305
4.849735221603168,0.464,0.231,0.305
4.85213594757298,0.463,0.232,0.305
4.855346248498958,0.464,0.231,0.305
4.857164275828368,0.463,0.232,0.305
4.857623850957346,0.464,0.231,0.305
4.858702409142116,0.465,0.23,0.305
4.862691899286516,0.464,0.23,0.306
4.862898340550294,0.465,0.23,0.305
4.865500015022816,0.464,0.231,0.305
4.869227812672778,0.465,0.23,0.305
4.8698178031467005,0.464,0.23,0.306
4.873036456888788,0.465,0.229,0.306
4.877461578807488,0.464,0.229,0.307
4.878821294622946,0.463,0.229,0.308
4.880435314339654,0.462,0.229,0.309
4.881944208364546,0.463,0.228,0.309
4.884180233908846,0.464,0.227,0.309
4.888833747600025,0.465,0.226,0.309
4.889632822907575,0.464,0.226,0.31
4.89264058240079,0.465,0.225,0.31
4.894070036918048,0.466,0.224,0.31
4.902537847380455,0.467,0.223,0.31
4.906068014519883,0.468,0.222,0.31
4.906161729758754,0.467,0.222,0.311
4.90981392011207,0.468,0.221,0.311
4.913479549080542,0.469,0.22,0.311
4.926967530887044,0.468,0.22,0.312
4.929931181633649,0.469,0.219,0.312
4.935887182932164,0.47,0.218,0.312
4.936746936506102,0.471,0.217,0.312
4.93885207248161,0.472,0.217,0.311
4.941925817371993,0.471,0.217,0.312
4.9438179176073245,0.47,0.218,0.312
4.945104064458741,0.469,0.219,0.312
4.951485709715083,0.47,0.218,0.312
4.9515645832607165,0.469,0.218,0.313
4.951815267681585,0.47,0.217,0.313
4.9520883468222525,0.469,0.217,0.314
4.952431310000654,0.468,0.218,0.314
4.954708145543459,0.467,0.219,0.314
4.9549074158954625,0.468,0.218,0.314
4.959196685719102,0.469,0.217,0.314
4.96245661099937,0.47,0.216,0.314
4.962457349448001,0.471,0.215,0.314
4.9639244573152315,0.47,0.216,0.314
4.963971265006487,0.471,0.215,0.314
4.96518755052653,0.472,0.214,0.314
4.970795656722655,0.473,0.213,0.314
4.973678732218153,0.472,0.214,0.314
4.980893925627382,0.471,0.214,0.315
4.982465179875948,0.472,0.213,0.315
4.985152173992997,0.473,0.212,0.315
4.986882041894683,0.474,0.211,0.315
4.995953426758925,0.475,0.21,0.315
4.997365701048951,0.474,0.211,0.315
4.997379217281512,0.475,0.21,0.315
4.998294809308509,0.474,0.211,0.315
4.999370873007602,0.473,0.212,0.315
5.001641677514582,0.474,0.212,0.314
5.001857119898793,0.475,0.211,0.314
5.003440948516949,0.474,0.211,0.315
5.004329574761148,0.475,0.21,0.315
5.004825030584952,0.476,0.209,0.315
5.005539675904367,0.475,0.209,0.316
5.006595422592334,0.474,0.21,0.316
5.007203929499539,0.473,0.211,0.316
5.0084451993494,0.472,0.211,0.317
5.01340712624387,0.473,0.21,0.317
5.0152220341072375,0.472,0.211,0.317
5.019385576856145,0.471,0.211,0.318
5.021248596332521,0.472,0.211,0.317
5.026568587741652,0.473,0.21,0.317
5.0283788818499255,0.474,0.209,0.317
5.029154870544282,0.473,0.209,0.318
5.030628989460704,0.474,0.208,0.318
5.035045875954045,0.475,0.207,0.318
5.0368201262742724,0.476,0.206,0.318
5.038221022112575,0.477,0.205,0.318
5.046437988154012,0.476,0.206,0.318
5.047304087149989,0.475,0.206,0.319
5.051201142139967,0.476,0.205,0.319
5.052523945993211,0.477,0.204,0.319
5.053389025923638,0.476,0.204,0.32
5.053478244220633,0.477,0.203,0.32
5.055570098167489,0.476,0.204,0.32
5.056922330805406,0.477,0.203,0.32
5.059616519076466,0.476,0.203,0.321
5.064855292283254,0.475,0.203,0.322
5.06487293641564,0.476,0.202,0.322
5.0665388976923,0.477,0.201,0.322
5.067171379194734,0.478,0.2,0.322
5.0685127199634525,0.479,0.199,0.322
5.070546789917602,0.478,0.2,0.322
5.070594862987317,0.479,0.2,0.321
5.0708315645403825,0.48,0.199,0.321
5.072309034693927,0.481,0.198,0.321
5.079005017712835,0.482,0.197,0.321
5.0910802723769155,0.483,0.196,0.321
5.091444806447142,0.484,0.195,0.321
5.093086748335373,0.483,0.196,0.321
5.0943507592225385,0.484,0.195,0.321
5.098557610653696,0.485,0.194,0.321
5.102815358379168,0.486,0.193,0.321
5.104070479672853,0.485,0.194,0.321
5.110368827436157,0.486,0.193,0.321
5.111011396515655,0.487,0.192,0.321
5.116258731416421,0.488,0.191,0.321
5.119149373307218,0.489,0.191,0.32
5.121659380212364,0.49,0.19,0.32
5.121764655509018,0.491,0.189,0.32
5.12234589991619,0.492,0.188,0.32
5.12397327414927,0.493,0.187,0.32
5.1319492722586775,0.492,0.188,0.32
5.1329140047747215,0.493,0.187,0.32
5.137587135381495,0.492,0.188,0.32
5.142546971815185,0.491,0.188,0.321
5.145352546150561,0.492,0.187,0.321
5.1461239235347636,0.493,0.186,0.321
5.154881388385604,0.494,0.185,0.321
5.157209320573583,0.495,0.184,0.321
5.158109917017381,0.496,0.183,0.321
5.163645444295042,0.495,0.184,0.321
5.164557582590317,0.496,0.183,0.321
5.172148453669313,0.497,0.182,0.321
5.1722635758755535,0.496,0.182,0.322
5.181820222169759,0.495,0.182,0.323
5.182885580339686,0.494,0.182,0.324
5.185324549541603,0.495,0.181,0.324
5.185875645216079,0.496,0.18,0.324
5.195181377588882,0.497,0.179,0.324
5.196185288288539,0.496,0.179,0.325
5.197280929471311,0.497,0.179,0.324
5.198058176713066,0.498,0.178,0.324
5.19960436250639,0.497,0.178,0.325
5.201346519801173,0.498,0.177,0.325
5.204712373648845,0.499,0.176,0.325
5.207332402970801,0.5,0.175,0.325
5.213601758365812,0.501,0.174,0.325
5.21372097062868,0.502,0.173,0.325
5.217866462259551,0.503,0.172,0.325
5.218373421322438,0.502,0.173,0.325
5.219539329865973,0.503,0.172,0.325
5.224086123760606,0.504,0.171,0.325
5.226330511995193,0.505,0.17,0.325
5.235686073233535,0.506,0.169,0.325
5.2382642226932985,0.505,0.169,0.326
5.242726513122572,0.506,0.168,0.326
5.24277637477832,0.505,0.168,0.327
5.243541734534838,0.506,0.167,0.327
5.243737183910883,0.507,0.166,0.327
5.247470532897829,0.508,0.165,0.327
5.250581304582039,0.509,0.164,0.327
5.255906342769194,0.508,0.165,0.327
5.256254287268822,0.507,0.165,0.328
5.256768982520243,0.506,0.166,0.328
5.258834058857928,0.505,0.166,0.329
5.2622606066565165,0.506,0.165,0.329
5.263006834299776,0.507,0.164,0.329
5.263793805872385,0.506,0.164,0.33
5.265013190411037,0.507,0.163,0.33
5.265609423016175,0.506,0.163,0.331
5.266360176928938,0.507,0.162,0.331
5.269987364493538,0.506,0.163,0.331
5.274498724866651,0.505,0.163,0.332
5.275095842511972,0.506,0.162,0.332
5.276486658473303,0.505,0.162,0.333
5.277170273781837,0.506,0.161,0.333
5.281247696603203,0.507,0.16,0.333
5.2872219158705995,0.508,0.159,0.333
5.287462646106508,0.507,0.159,0.334
5.291539309106569,0.506,0.16,0.334
5.2934848867110995,0.505,0.16,0.335
5.294383244519497,0.504,0.16,0.336
5.3022880475659,0.505,0.159,0.336
5.302656609054573,0.504,0.159,0.337
5.305996797193428,0.505,0.158,0.337
5.306802887300222,0.506,0.157,0.337
5.311495673335612,0.505,0.157,0.338
5.3134991998355305,0.506,0.156,0.338
5.3138652628093,0.505,0.156,0.339
5.317175184953067,0.506,0.156,0.338
5.317311488947117,0.507,0.155,0.338
5.320691614400755,0.508,0.154,0.338
5.321478445826381,0.509,0.153,0.338
5.323211030499072,0.51,0.152,0.338
5.324161729054158,0.509,0.153,0.338
5.325129710323113,0.51,0.152,0.338
5.3256227314630475,0.511,0.151,0.338
5.327435309930154,0.512,0.15,0.338
5.328640292205715,0.511,0.15,0.339
5.329146311880986,0.51,0.151,0.339
5.334803436670745,0.509,0.152,0.339
5.338322580914617,0.508,0.152,0.34
5.3402625057461295,0.507,0.152,0.341
5.343717634411144,0.508,0.151,0.341
5.345841053925484,0.509,0.15,0.341
5.3516067126441,0.51,0.149,0.341
5.352153593780405,0.509,0.149,0.342
5.355528159718791,0.508,0.149,0.343
5.368010530457737,0.509,0.148,0.343
5.368179297122596,0.51,0.148,0.342
