time,f0,f1,f2
0.0,1.0,0.0,0.0
0.0023956338708779035,0.999,0.001,0.0
0.009902353296518934,0.998,0.002,0.0
0.012868772793489578,0.997,0.003,0.0
0.030058243727953973,0.996,0.004,0.0
0.03766235265836594,0.995,0.005,0.0
0.048741642877405025,0.994,0.006,0.0
0.058190822960546264,0.993,0.007,0.0
0.06940441854959428,0.992,0.007,0.001
0.0716341936739186,0.991,0.008,0.001
0.07356722172959781,0.99,0.009,0.001
0.0764843041699646,0.989,0.009,0.002
0.09517947791104359,0.988,0.01,0.002
0.09972958646072816,0.987,0.011,0.002
0.10915422710537433,0.986,0.012,0.002
0.12829934056552433,0.985,0.012,0.003
0.13366185279389553,0.984,0.013,0.003
0.14265052950099877,0.983,0.014,0.003
0.1429742712335551,0.982,0.015,0.003
0.16484352271295757,0.981,0.016,0.003
0.17658145291885874,0.98,0.016,0.004
0.21028210654019497,0.979,0.016,0.005
0.21816946393446496,0.978,0.017,0.005
0.2223365906903397,0.977,0.017,0.006
0.22243494842680886,0.976,0.017,0.007
0.22719447211103963,0.975,0.018,0.007
0.23155413431560368,0.974,0.019,0.007
0.23274380664186686,0.973,0.019,0.008
0.2373667114083864,0.972,0.02,0.008
0.23921894562773416,0.971,0.021,0.008
0.24385781119383262,0.97,0.021,0.009
0.24720409101907448,0.969,0.021,0.01
0.2517159402071253,0.968,0.022,0.01
0.26616158273763646,0.967,0.022,0.011
0.26885375314881155,0.966,0.023,0.011
0.2774219692319396,0.965,0.023,0.012
0.2814230437719864,0.964,0.024,0.012
0.28506240096463353,0.963,0.025,0.012
0.3083587619531701,0.962,0.025,0.013
0.3277945640629178,0.961,0.026,0.013
0.3438881340057677,0.96,0.027,0.013
0.35419865200992134,0.961,0.026,0.013
0.360068299613019,0.96,0.027,0.013
0.37074281800487796,0.959,0.027,0.014
0.37097714696346124,0.958,0.028,0.014
0.3738399631738994,0.957,0.029,0.014
0.3750432452986274,0.956,0.029,0.015
0.37941794601221207,0.955,0.029,0.016
0.3834630212501184,0.954,0.03,0.016
0.4011049314534033,0.955,0.03,0.015
0.4088516670458535,0.954,0.031,0.015
0.4106341912738318,0.953,0.031,0.016
0.4133263394563204,0.952,0.032,0.016
0.41580505641299415,0.951,0.033,0.016
0.4390689745481137,0.95,0.034,0.016
0.4511692444545642,0.949,0.034,0.017
0.45150241101244015,0.948,0.034,0.018
0.45628747814316517,0.947,0.035,0.018
0.4562937390819159,0.946,0.035,0.019
0.4573725302350695,0.945,0.035,0.02
0.46095037549653933,0.944,0.035,0.021
0.47176163926299586,0.943,0.035,0.022
0.4814447948177929,0.942,0.036,0.022
0.4934467299565163,0.941,0.037,0.022
0.5014322240432991,0.94,0.037,0.023
0.5020475226882738,0.939,0.038,0.023
0.5035046092571941,0.938,0.039,0.023
0.506890284517506,0.939,0.038,0.023
0.5142824473657547,0.938,0.039,0.023
0.528942996277892,0.937,0.04,0.023
0.5330860675109185,0.936,0.041,0.023
0.5349966706410564,0.935,0.041,0.024
0.5351120212873858,0.934,0.041,0.025
0.535789465324054,0.933,0.042,0.025
0.5367229259209084,0.932,0.043,0.025
0.5484583062601219,0.931,0.044,0.025
0.555988741288936,0.93,0.044,0.026
0.5580024495155169,0.929,0.045,0.026
0.5732953930901964,0.928,0.045,0.027
0.5932365789355523,0.927,0.046,0.027
0.5967140577641062,0.926,0.047,0.027
0.6034551789398453,0.925,0.047,0.028
0.6140079408195022,0.924,0.047,0.029
0.6346175784415371,0.923,0.047,0.03
0.6431068954408298,0.922,0.047,0.031
0.6431306609354354,0.921,0.048,0.031
0.6527643122935063,0.92,0.048,0.032
0.662854933609994,0.919,0.048,0.033
0.6781682612584581,0.918,0.049,0.033
0.6865785657978662,0.917,0.049,0.034
0.6889481353651276,0.916,0.05,0.034
0.6903545662489982,0.917,0.049,0.034
0.6962766138667945,0.918,0.048,0.034
0.7040431416905286,0.917,0.049,0.034
0.7045142897964571,0.916,0.05,0.034
0.7071574479095654,0.915,0.05,0.035
0.708479164818286,0.914,0.05,0.036
0.7107667074982628,0.913,0.05,0.037
0.717605411490626,0.912,0.051,0.037
0.7319881653354015,0.913,0.05,0.037
0.7444875836918484,0.912,0.051,0.037
0.7488952111699309,0.913,0.05,0.037
0.7507421807644961,0.912,0.051,0.037
0.7598024630530399,0.911,0.052,0.037
0.7639630744622982,0.91,0.053,0.037
0.7772357851575886,0.909,0.054,0.037
0.7781931033699651,0.91,0.053,0.037
0.7875052622721662,0.909,0.053,0.038
0.808837652976942,0.908,0.053,0.039
0.8120254487265349,0.907,0.053,0.04
0.8177495642188316,0.906,0.054,0.04
0.8197792090307938,0.905,0.054,0.041
0.8317703123347171,0.906,0.054,0.04
0.8334052996568031,0.907,0.053,0.04
0.8359177807851681,0.906,0.054,0.04
0.8385403991158217,0.905,0.054,0.041
0.8428861632917044,0.904,0.055,0.041
0.8455957568179249,0.903,0.055,0.042
0.8519926891957676,0.902,0.056,0.042
0.8771827004765255,0.901,0.056,0.043
0.8773707043496817,0.9,0.056,0.044
0.8785521544626336,0.899,0.057,0.044
0.8889447319599505,0.898,0.058,0.044
0.8966455249137385,0.897,0.059,0.044
0.8991887432488123,0.896,0.059,0.045
0.9072042829704478,0.895,0.059,0.046
0.9132927682332893,0.894,0.059,0.047
0.9141507765134753,0.893,0.059,0.048
0.9176727822119105,0.892,0.059,0.049
0.923667150938764,0.891,0.059,0.05
0.9241583909043081,0.89,0.059,0.051
0.9272890866027761,0.889,0.06,0.051
0.9288419856639983,0.888,0.061,0.051
0.9389406370372924,0.887,0.062,0.051
0.9401671146540758,0.886,0.063,0.051
0.9429550056003061,0.887,0.062,0.051
0.9453777914095634,0.886,0.063,0.051
0.9566683303879793,0.885,0.064,0.051
0.9584683039023911,0.884,0.065,0.051
0.9682981179215515,0.883,0.065,0.052
0.9801451752089622,0.882,0.065,0.053
0.9946518265448919,0.881,0.066,0.053
0.9946601800617589,0.88,0.067,0.053
0.9958103790324799,0.879,0.068,0.053
1.0098674572419704,0.878,0.068,0.054
1.0153359782892541,0.877,0.069,0.054
1.021234410681617,0.876,0.069,0.055
1.024272590445797,0.875,0.07,0.055
1.0319152110161731,0.874,0.07,0.056
1.0345896847781964,0.873,0.071,0.056
1.038099800033663,0.872,0.072,0.056
1.0427738790183596,0.871,0.073,0.056
1.0493602984857848,0.87,0.074,0.056
1.0496266596419936,0.871,0.074,0.055
1.058403121003587,0.87,0.074,0.056
1.0610704692654598,0.869,0.074,0.057
1.0620666628682698,0.868,0.075,0.057
1.0634807500082906,0.867,0.076,0.057
1.077242235835701,0.866,0.076,0.058
1.078684938000982,0.865,0.077,0.058
1.0856525082626345,0.864,0.078,0.058
1.1061387708416008,0.863,0.079,0.058
1.110955704529369,0.862,0.079,0.059
1.114349542687885,0.861,0.08,0.059
1.115394316369742,0.86,0.081,0.059
1.1169160186729485,0.859,0.081,0.06
1.118890595038391,0.858,0.081,0.061
1.1208664945645501,0.859,0.08,0.061
1.1278078274224639,0.858,0.08,0.062
1.1310727747130913,0.859,0.08,0.061
1.1331773098764335,0.858,0.081,0.061
1.1355464318711639,0.859,0.08,0.061
1.1373132859231105,0.858,0.08,0.062
1.151670151935055,0.857,0.08,0.063
1.1684831052758815,0.856,0.08,0.064
1.1704484648074938,0.857,0.079,0.064
1.1798504015785587,0.856,0.08,0.064
1.1897629990790586,0.855,0.08,0.065
1.1907472915336639,0.854,0.081,0.065
1.194733038461318,0.853,0.082,0.065
1.2035882934540794,0.852,0.083,0.065
1.2051054126402232,0.851,0.083,0.066
1.208983767041826,0.85,0.083,0.067
1.2098700005922327,0.849,0.083,0.068
1.2314460134909093,0.848,0.083,0.069
1.2490164950740954,0.847,0.083,0.07
1.250067233366876,0.846,0.083,0.071
1.2511545162400644,0.845,0.084,0.071
1.257332241365431,0.844,0.085,0.071
1.2574307930344786,0.843,0.085,0.072
1.2597882419949862,0.842,0.086,0.072
1.2612556632298535,0.841,0.087,0.072
1.2728512274827029,0.84,0.088,0.072
1.2798616243843028,0.839,0.088,0.073
1.2804461148306712,0.838,0.089,0.073
1.2813775333225992,0.837,0.09,0.073
1.2902679279599525,0.836,0.091,0.073
1.291917977874154,0.835,0.092,0.073
1.3067651985280402,0.834,0.093,0.073
1.3082488984447114,0.833,0.093,0.074
1.3348532569341924,0.832,0.093,0.075
1.357009302723476,0.831,0.093,0.076
1.3598072160289545,0.83,0.094,0.076
1.3646506011620463,0.829,0.094,0.077
1.3701765032548798,0.828,0.095,0.077
1.37116108394156,0.829,0.094,0.077
1.371631077686995,0.83,0.094,0.076
1.391065108380365,0.829,0.095,0.076
1.3925716581700684,0.828,0.096,0.076
1.3973618785972781,0.827,0.096,0.077
1.4056497442177545,0.826,0.097,0.077
1.4124535675582701,0.825,0.097,0.078
1.4131103243296559,0.824,0.097,0.079
1.4219534022266245,0.823,0.097,0.08
1.4295216133373505,0.822,0.098,0.08
1.4403767965667966,0.821,0.099,0.08
1.4457848784201195,0.82,0.099,0.081
1.449083623852937,0.819,0.1,0.081
1.449678589099653,0.82,0.1,0.08
1.4507474476940356,0.819,0.1,0.081
1.4529230616714581,0.818,0.1,0.082
1.4550805731886105,0.817,0.101,0.082
1.4570464545854365,0.816,0.101,0.083
1.457833275647244,0.815,0.101,0.084
1.478798740742864,0.814,0.102,0.084
1.4835694451506003,0.813,0.102,0.085
1.4893284944241532,0.812,0.102,0.086
1.4937832766402255,0.811,0.102,0.087
1.5115726839081614,0.812,0.101,0.087
1.512204020744706,0.811,0.101,0.088
1.5206430053134903,0.81,0.102,0.088
1.5347936807553475,0.809,0.102,0.089
1.5449465605167076,0.808,0.102,0.09
1.5454391685489421,0.807,0.102,0.091
1.5522175099386224,0.806,0.103,0.091
1.5551784519647605,0.805,0.104,0.091
1.5577062463009324,0.806,0.103,0.091
1.5579253569863758,0.805,0.103,0.092
1.5677584149426163,0.804,0.104,0.092
1.567900731670227,0.805,0.103,0.092
1.5764797772802006,0.804,0.104,0.092
1.5765899772776635,0.805,0.104,0.091
1.5819663593208741,0.804,0.104,0.092
1.5819973067916695,0.803,0.104,0.093
1.582570130704831,0.802,0.104,0.094
1.585346707689514,0.803,0.103,0.094
1.5866806028747225,0.802,0.103,0.095
1.591483255810228,0.801,0.103,0.096
1.598680496745354,0.8,0.103,0.097
1.6031657020919698,0.799,0.104,0.097
1.6108782065321667,0.798,0.105,0.097
1.6121399559503398,0.799,0.105,0.096
1.620729595218308,0.8,0.105,0.095
1.6229006204434528,0.799,0.105,0.096
1.6253188553386848,0.798,0.105,0.097
1.628977762080344,0.797,0.105,0.098
1.6342227106124998,0.796,0.106,0.098
1.6396410424606473,0.795,0.106,0.099
1.64848569014567,0.794,0.106,0.1
1.6545631832107528,0.795,0.106,0.099
1.6634784195174648,0.794,0.107,0.099
1.6694049383869598,0.793,0.108,0.099
1.670013760027219,0.792,0.109,0.099
1.6700730287259224,0.791,0.109,0.1
1.6728377152269611,0.79,0.109,0.101
1.674206657063971,0.789,0.109,0.102
1.6821258570086324,0.788,0.11,0.102
1.683329906341337,0.787,0.11,0.103
1.6948219697672666,0.786,0.111,0.103
1.7019665422472463,0.785,0.111,0.104
1.703235614450721,0.784,0.112,0.104
1.708372074266033,0.783,0.113,0.104
1.7212469854383574,0.782,0.113,0.105
1.7519230710637892,0.781,0.113,0.106
1.7526064339845147,0.78,0.113,0.107
1.7612495674365352,0.779,0.113,0.108
1.7660434090101709,0.778,0.114,0.108
1.7687196611742415,0.777,0.115,0.108
1.7767682667552827,0.778,0.114,0.108
1.779155995526459,0.777,0.114,0.109
1.7902484952909137,0.776,0.114,0.11
1.790688104072753,0.777,0.113,0.11
1.7964392657334705,0.776,0.113,0.111
1.7973000375289845,0.775,0.113,0.112
1.798162677268855,0.774,0.114,0.112
1.8176809186968936,0.773,0.114,0.113
1.828929387708427,0.772,0.114,0.114
1.83123761876481,0.771,0.114,0.115
1.8328377594087615,0.77,0.114,0.116
1.8387343800676392,0.771,0.114,0.115
1.8390779487379854,0.77,0.115,0.115
1.8462732293091069,0.769,0.115,0.116
1.8601119433178337,0.768,0.115,0.117
1.8644356897652214,0.767,0.116,0.117
1.8853635747045399,0.766,0.116,0.118
1.8877915732373571,0.765,0.116,0.119
1.8933634880180579,0.764,0.116,0.12
1.895263108492303,0.763,0.117,0.12
1.9212345296231617,0.762,0.117,0.121
1.9266264954917647,0.763,0.116,0.121
1.9295370424153917,0.762,0.117,0.121
1.929766334410142,0.761,0.118,0.121
1.932283646045073,0.76,0.118,0.122
1.9345112434349663,0.759,0.118,0.123
1.9409131551787882,0.758,0.119,0.123
1.9710295477939759,0.757,0.12,0.123
1.9756053372692983,0.756,0.121,0.123
1.9978163734466314,0.755,0.121,0.124
2.001217698445245,0.754,0.121,0.125
2.003932722675393,0.753,0.122,0.125
2.009047917472556,0.752,0.122,0.126
2.0131011514749857,0.751,0.122,0.127
2.017247759847692,0.75,0.123,0.127
2.023200046530468,0.749,0.124,0.127
2.02521180120066,0.748,0.124,0.128
2.0546756355551024,0.747,0.124,0.129
2.062922221463738,0.746,0.125,0.129
2.064925628003912,0.745,0.126,0.129
2.068084716384747,0.744,0.127,0.129
2.069129156917511,0.743,0.128,0.129
2.0704252224354276,0.742,0.129,0.129
2.0726240145816326,0.741,0.13,0.129
2.0759678406707187,0.742,0.129,0.129
2.0778134154993064,0.741,0.13,0.129
2.0823941312338743,0.74,0.13,0.13
2.087391010040055,0.739,0.13,0.131
2.0889355686770386,0.738,0.131,0.131
2.089679416806592,0.737,0.132,0.131
2.0972520154838277,0.736,0.132,0.132
2.104964635717031,0.735,0.132,0.133
2.1120532740207087,0.734,0.133,0.133
2.1175387738295757,0.735,0.132,0.133
2.1176929935393383,0.734,0.133,0.133
2.1290711235611854,0.733,0.133,0.134
2.130921693398314,0.734,0.133,0.133
2.138218066542734,0.733,0.134,0.133
2.1593021095018585,0.732,0.134,0.134
2.171156270599002,0.733,0.133,0.134
2.1715055022155583,0.732,0.134,0.134
2.1747507760087927,0.731,0.134,0.135
2.1753220543535607,0.73,0.134,0.136
2.1775146537992818,0.731,0.133,0.136
2.185663429332351,0.73,0.134,0.136
2.1983289283704592,0.729,0.135,0.136
2.2060974030792897,0.728,0.135,0.137
2.2087191521010046,0.727,0.135,0.138
2.2114758792233293,0.726,0.135,0.139
2.2165718649454114,0.725,0.135,0.14
2.2222203544049997,0.724,0.135,0.141
2.226391546909785,0.725,0.135,0.14
2.2371222820231984,0.724,0.135,0.141
2.242259361079528,0.723,0.135,0.142
2.2455873276878187,0.722,0.136,0.142
2.2470420605311223,0.721,0.137,0.142
2.257414971254226,0.722,0.136,0.142
2.2586549601320325,0.721,0.136,0.143
2.2588760716725513,0.72,0.136,0.144
2.2613791555616265,0.719,0.137,0.144
2.2642523366603426,0.718,0.137,0.145
2.272552607860073,0.717,0.138,0.145
2.3145933687769378,0.716,0.139,0.145
2.3167466526337606,0.717,0.138,0.145
2.318894297163639,0.716,0.139,0.145
2.325971660397157,0.715,0.14,0.145
2.327863516968682,0.714,0.14,0.146
2.3348931555184858,0.713,0.141,0.146
2.3515732140620433,0.712,0.141,0.147
2.354807365598306,0.713,0.141,0.146
2.357751491085629,0.712,0.142,0.146
2.3591098278197435,0.711,0.143,0.146
2.369690212744402,0.71,0.143,0.147
2.3773854144576743,0.711,0.142,0.147
2.3822977278480355,0.71,0.142,0.148
2.391165987332228,0.709,0.142,0.149
2.3968864830462056,0.708,0.143,0.149
2.397046438844,0.707,0.143,0.15
2.415689195190425,0.708,0.143,0.149
2.415690035073178,0.707,0.144,0.149
2.426754239107769,0.706,0.145,0.149
2.436602464628009,0.705,0.146,0.149
2.4385955564415984,0.704,0.146,0.15
2.439198157744409,0.703,0.147,0.15
2.447095095147417,0.704,0.147,0.149
2.4482483438800697,0.703,0.147,0.15
2.4512547611603788,0.702,0.147,0.151
2.457072948569507,0.703,0.147,0.15
2.4652724824931798,0.702,0.147,0.151
2.4695854991908845,0.701,0.148,0.151
2.4716452971687546,0.7,0.148,0.152
2.4744185098218847,0.699,0.148,0.153
2.4814498040640074,0.698,0.148,0.154
2.482641350324552,0.699,0.147,0.154
2.511522949660423,0.698,0.148,0.154
2.511947575243129,0.697,0.149,0.154
2.516731974227367,0.696,0.149,0.155
2.5169650390225202,0.695,0.149,0.156
2.5211650895808155,0.694,0.149,0.157
2.537205304002431,0.693,0.15,0.157
2.544480795930497,0.692,0.151,0.157
2.5445453556255275,0.691,0.152,0.157
2.547545017991099,0.69,0.153,0.157
2.5491056832004992,0.691,0.152,0.157
2.5513060169905355,0.69,0.153,0.157
2.5598118527179605,0.689,0.153,0.158
2.5692321652177075,0.688,0.154,0.158
2.5756201321918324,0.687,0.155,0.158
2.5788411258902917,0.686,0.156,0.158
2.5971295513666215,0.685,0.157,0.158
2.6130744232315686,0.684,0.157,0.159
2.6199561756675904,0.683,0.158,0.159
2.6206752268219993,0.682,0.158,0.16
2.6400298763496597,0.681,0.158,0.161
2.641665037533965,0.68,0.159,0.161
2.648191491279788,0.679,0.159,0.162
2.6522786887912497,0.678,0.159,0.163
2.665247299699731,0.679,0.159,0.162
2.6657766001608665,0.678,0.159,0.163
2.665832626863635,0.677,0.159,0.164
2.6685313638318813,0.676,0.16,0.164
2.6804048643889957,0.675,0.16,0.165
2.6929898153181044,0.676,0.16,0.164
2.698254306618275,0.675,0.161,0.164
2.705239194422319,0.676,0.16,0.164
2.7087108633234136,0.675,0.161,0.164
2.7113292801453435,0.674,0.161,0.165
2.714684847666236,0.673,0.162,0.165
2.7168876830128403,0.674,0.161,0.165
2.7188265848248565,0.673,0.162,0.165
2.7264424614075757,0.672,0.162,0.166
2.7274158530154238,0.673,0.161,0.166
2.7275899887012276,0.672,0.161,0.167
2.7309636711502434,0.671,0.161,0.168
2.737929516769872,0.67,0.162,0.168
2.748376979307403,0.669,0.162,0.169
2.762623372162518,0.668,0.162,0.17
2.769592113241182,0.667,0.163,0.17
2.7747696574794496,0.668,0.162,0.17
2.781541513395027,0.669,0.162,0.169
2.7817732835834983,0.668,0.163,0.169
2.782861459118158,0.669,0.162,0.169
2.7855999925959556,0.668,0.162,0.17
2.7966575611679643,0.667,0.162,0.171
2.8015043404069804,0.666,0.163,0.171
2.804274082943096,0.667,0.163,0.17
2.8106391096126373,0.666,0.164,0.17
2.8141518117281996,0.665,0.165,0.17
2.816428737636655,0.664,0.166,0.17
2.822120517580318,0.663,0.166,0.171
2.8228384912601854,0.662,0.167,0.171
2.836048831252599,0.661,0.168,0.171
2.840237752284006,0.66,0.168,0.172
2.859569948962534,0.659,0.168,0.173
2.870700209987335,0.658,0.169,0.173
2.873971263461513,0.659,0.168,0.173
2.8799131223178382,0.658,0.169,0.173
2.882062010727901,0.659,0.168,0.173
2.8861057440870277,0.658,0.169,0.173
2.8870104850967993,0.657,0.17,0.173
2.895786813854096,0.658,0.17,0.172
2.898660768744865,0.659,0.17,0.171
2.901117604033233,0.658,0.171,0.171
2.915313129783228,0.657,0.172,0.171
2.9162805280185893,0.656,0.173,0.171
2.91710182052765,0.655,0.174,0.171
2.9201171669000714,0.654,0.174,0.172
2.920737043873448,0.653,0.174,0.173
2.924854771548912,0.654,0.173,0.173
2.950339248292207,0.653,0.174,0.173
2.9519956099813487,0.652,0.175,0.173
2.953530350662004,0.651,0.175,0.174
2.958030310494804,0.652,0.174,0.174
2.9644086733469868,0.651,0.174,0.175
2.9712614478756207,0.65,0.175,0.175
2.9796369894987222,0.649,0.176,0.175
2.98189836375489,0.648,0.177,0.175
2.9838623566018336,0.647,0.177,0.176
2.98658224612221,0.646,0.178,0.176
2.9891554361147614,0.645,0.178,0.177
3.0073669751234244,0.644,0.178,0.178
3.0132119270092663,0.643,0.179,0.178
3.0197203073124284,0.642,0.179,0.179
3.02147918572926,0.641,0.179,0.18
3.0342624760476267,0.64,0.18,0.18
3.0346566791058684,0.639,0.18,0.181
3.037256445294279,0.638,0.18,0.182
3.037570692239755,0.637,0.18,0.183
3.0375930267025737,0.636,0.181,0.183
3.03974275756065,0.635,0.182,0.183
3.0446645955919984,0.634,0.183,0.183
3.072079905834921,0.635,0.182,0.183
3.0805966114753693,0.634,0.183,0.183
3.080599546446184,0.633,0.184,0.183
3.0831219675092933,0.632,0.184,0.184
3.0928892599642523,0.631,0.185,0.184
3.0999753298485277,0.63,0.185,0.185
3.1197886941251944,0.629,0.186,0.185
3.1237620781404782,0.628,0.186,0.186
3.137318238135368,0.627,0.187,0.186
3.1623248640456625,0.626,0.188,0.186
3.165513307921258,0.625,0.188,0.187
3.1664518107193,0.624,0.189,0.187
3.166828246830478,0.623,0.19,0.187
3.1674139625891735,0.622,0.19,0.188
3.1722676585288863,0.621,0.191,0.188
3.173919341996224,0.62,0.191,0.189
3.1872065517394437,0.619,0.192,0.189
3.189135739246433,0.62,0.191,0.189
3.1994203552961418,0.621,0.191,0.188
3.2172397517092057,0.62,0.191,0.189
3.2236760202142953,0.619,0.192,0.189
3.2239173815585715,0.618,0.192,0.19
3.2326295383864156,0.617,0.193,0.19
3.2348040122684623,0.616,0.194,0.19
3.236982500282568,0.615,0.195,0.19
3.2389832765714743,0.614,0.195,0.191
3.2428872455117945,0.613,0.196,0.191
3.2453626222283862,0.612,0.197,0.191
3.257891860771637,0.613,0.196,0.191
3.2631641962606115,0.614,0.196,0.19
3.268950791285444,0.615,0.195,0.19
3.274407841183197,0.614,0.195,0.191
3.274661693797149,0.613,0.196,0.191
3.2834543015683604,0.612,0.197,0.191
3.2964309061180277,0.611,0.198,0.191
3.299555846056622,0.612,0.197,0.191
3.3005013659391573,0.611,0.197,0.192
3.300667911511077,0.61,0.197,0.193
3.309382557798556,0.611,0.196,0.193
3.3111696403701028,0.61,0.196,0.194
3.3151813422133363,0.609,0.197,0.194
3.3253740857910925,0.608,0.197,0.195
3.3317702071096056,0.607,0.197,0.196
3.332313137578979,0.608,0.196,0.196
3.3450886433630544,0.609,0.196,0.195
3.3466759179311474,0.61,0.195,0.195
3.350293536105347,0.609,0.195,0.196
3.351466229775013,0.61,0.194,0.196
3.353685433823792,0.609,0.195,0.196
3.360215478195164,0.608,0.195,0.197
3.3613076770273325,0.607,0.196,0.197
3.361695666044684,0.606,0.196,0.198
3.366353348709582,0.607,0.196,0.197
3.367037465058974,0.606,0.196,0.198
3.369331718388075,0.607,0.195,0.198
3.3747214697405914,0.606,0.196,0.198
3.3884406247746215,0.605,0.196,0.199
3.390878088454349,0.606,0.195,0.199
3.3947597255411845,0.605,0.196,0.199
3.395173628853908,0.604,0.197,0.199
3.3956210803664364,0.603,0.198,0.199
3.412479281908939,0.602,0.198,0.2
3.4191011748815163,0.603,0.198,0.199
3.4260639570250087,0.602,0.199,0.199
3.430065638721501,0.601,0.2,0.199
3.4378159091192098,0.602,0.2,0.198
3.4417286865774033,0.601,0.2,0.199
3.4422668322366747,0.602,0.2,0.198
3.450280818195075,0.601,0.2,0.199
3.474279794052059,0.6,0.201,0.199
3.475860710950075,0.599,0.201,0.2
3.4799608454849222,0.598,0.202,0.2
3.486926300078366,0.599,0.201,0.2
3.488175891833364,0.598,0.201,0.201
3.4931917446778424,0.597,0.201,0.202
3.501258387884316,0.596,0.202,0.202
3.503031744848854,0.595,0.203,0.202
3.5043203452505716,0.594,0.204,0.202
3.5072686826418202,0.593,0.205,0.202
3.507550807415437,0.592,0.206,0.202
3.5076202652307362,0.591,0.206,0.203
3.5234110548033004,0.59,0.207,0.203
3.536825689440669,0.589,0.208,0.203
3.5378511567011204,0.588,0.208,0.204
3.5415245604434356,0.587,0.208,0.205
3.5416948053961317,0.588,0.207,0.205
3.5463241130855523,0.587,0.208,0.205
3.5479548677954202,0.586,0.208,0.206
3.5484671660685647,0.585,0.208,0.207
3.549523877576627,0.586,0.208,0.206
3.5521503174967,0.585,0.209,0.206
3.5538970301147845,0.584,0.21,0.206
3.556419390690631,0.583,0.21,0.207
3.5572122854614068,0.582,0.21,0.208
3.5620115544952466,0.581,0.211,0.208
3.564630624920446,0.582,0.211,0.207
3.567306064705551,0.581,0.212,0.207
3.5799675831410163,0.58,0.213,0.207
3.5833279093551913,0.579,0.213,0.208
3.591080652943069,0.578,0.213,0.209
3.5970864683581287,0.577,0.214,0.209
3.604249379056327,0.578,0.213,0.209
3.6047036482299912,0.577,0.214,0.209
3.611524634804359,0.578,0.214,0.208
3.6192975954216013,0.577,0.214,0.209
3.6202879578595,0.578,0.213,0.209
3.634590666509347,0.577,0.213,0.21
3.637993360876021,0.578,0.213,0.209
3.652422572345609,0.577,0.213,0.21
3.6604322136642153,0.576,0.213,0.211
3.66077418514591,0.575,0.213,0.212
3.6679545433672294,0.574,0.213,0.213
3.672822566844833,0.573,0.214,0.213
3.684887216474037,0.572,0.214,0.214
3.684969707163176,0.571,0.215,0.214
3.6850076767602653,0.57,0.215,0.215
3.6880380586130443,0.569,0.216,0.215
3.689514177458217,0.568,0.217,0.215
3.690076287926958,0.567,0.217,0.216
3.697627884410945,0.568,0.216,0.216
3.699819260538625,0.567,0.217,0.216
3.707555199773345,0.566,0.217,0.217
3.708608853341166,0.565,0.218,0.217
3.7095129697673994,0.564,0.218,0.218
3.719964323535762,0.563,0.219,0.218
3.733912706380774,0.564,0.219,0.217
3.7340575297056144,0.563,0.219,0.218
3.738605622371544,0.564,0.219,0.217
3.761875034501185,0.563,0.22,0.217
3.763196984490609,0.562,0.22,0.218
3.763786121006715,0.561,0.221,0.218
3.7710279720346778,0.56,0.222,0.218
3.7763048541151405,0.561,0.221,0.218
3.7776094325077554,0.56,0.222,0.218
3.7843259217358147,0.561,0.221,0.218
3.7844495088780206,0.56,0.222,0.218
3.7879422938611413,0.559,0.223,0.218
3.788557006729258,0.558,0.224,0.218
3.7924935108626574,0.557,0.225,0.218
3.793584198601091,0.558,0.224,0.218
3.8002755251509344,0.557,0.224,0.219
3.801078805894833,0.556,0.225,0.219
3.8010917068049985,0.555,0.225,0.22
3.807654540995698,0.554,0.225,0.221
3.814329835172501,0.555,0.224,0.221
3.820008514012769,0.554,0.224,0.222
3.842624108792368,0.555,0.223,0.222
3.8586811171562214,0.554,0.224,0.222
3.8595749198851843,0.553,0.225,0.222
3.8659310257591906,0.552,0.225,0.223
3.8726940272817387,0.553,0.224,0.223
3.8728301096288593,0.552,0.224,0.224
3.8766646458475464,0.551,0.224,0.225
3.8805076726446472,0.55,0.225,0.225
3.8814073026186247,0.549,0.225,0.226
3.884408793698869,0.548,0.225,0.227
3.8909239297596927,0.549,0.224,0.227
3.8912258187395024,0.548,0.225,0.227
3.89295805686868,0.547,0.226,0.227
3.894514151776279,0.548,0.225,0.227
3.897780825577954,0.549,0.225,0.226
3.8985757294012657,0.548,0.225,0.227
3.8989639679393817,0.547,0.225,0.228
3.905949294457843,0.546,0.226,0.228
3.9097119946956713,0.545,0.227,0.228
3.9099732362613917,0.544,0.228,0.228
3.9242572489590586,0.543,0.229,0.228
3.9299612152660095,0.542,0.229,0.229
3.935490845574453,0.541,0.23,0.229
3.942232626201027,0.54,0.231,0.229
3.948933318887251,0.541,0.231,0.228
3.9524731458836904,0.54,0.232,0.228
3.962523076178166,0.539,0.232,0.229
3.9628340826921797,0.54,0.231,0.229
3.9669023920723503,0.539,0.231,0.23
3.9795416537679524,0.54,0.231,0.229
3.9804338744346164,0.541,0.231,0.228
3.980951079068494,0.542,0.23,0.228
3.9843460152551553,0.541,0.23,0.229
3.9884430081338356,0.54,0.23,0.23
3.990978214929013,0.539,0.23,0.231
3.996953576994253,0.538,0.231,0.231
3.9972366976376112,0.537,0.231,0.232
4.007782929114014,0.536,0.231,0.233
4.012278009646093,0.537,0.231,0.232
4.02244056497221,0.536,0.232,0.232
4.025220479682267,0.535,0.233,0.232
4.027323188792263,0.534,0.234,0.232
4.0291465144205265,0.535,0.233,0.232
4.029795565475496,0.534,0.234,0.232
4.033006151706695,0.533,0.235,0.232
4.04018829028883,0.532,0.236,0.232
4.041011615313089,0.531,0.237,0.232
4.051000199488122,0.53,0.237,0.233
4.05138516596653,0.529,0.238,0.233
4.0515155975867465,0.528,0.239,0.233
4.05213379099267,0.527,0.24,0.233
4.059218813480758,0.526,0.24,0.234
4.059501192776024,0.525,0.241,0.234
4.06449923024238,0.526,0.24,0.234
4.064787408301553,0.525,0.241,0.234
4.065372869518793,0.524,0.242,0.234
4.068968786135243,0.523,0.243,0.234
4.07167433348227,0.522,0.244,0.234
4.076718748800083,0.521,0.244,0.235
4.078378689326694,0.52,0.244,0.236
4.083369390781406,0.519,0.245,0.236
4.083379975469769,0.518,0.246,0.236
4.086468884984454,0.519,0.245,0.236
4.086950474077019,0.518,0.246,0.236
4.087851972362561,0.517,0.247,0.236
4.0935174607983615,0.516,0.248,0.236
4.095289963091325,0.517,0.248,0.235
4.098848700074171,0.516,0.248,0.236
4.101326730019398,0.517,0.247,0.236
4.109361021581811,0.518,0.247,0.235
4.111830401519416,0.517,0.247,0.236
4.122577341317997,0.516,0.247,0.237
4.1242862534000615,0.515,0.248,0.237
4.129327060106331,0.514,0.248,0.238
4.131538999670194,0.513,0.249,0.238
4.134388701918409,0.514,0.248,0.238
4.141285571051785,0.513,0.248,0.239
4.151177403335083,0.514,0.247,0.239
4.153950642043495,0.513,0.247,0.24
4.163598426625358,0.512,0.247,0.241
4.164682103533929,0.511,0.248,0.241
4.165422633902859,0.51,0.248,0.242
4.169033829145154,0.509,0.248,0.243
4.177399719800091,0.508,0.249,0.243
4.181449395192684,0.507,0.249,0.244
4.181753206505254,0.506,0.249,0.245
4.182615946600048,0.505,0.25,0.245
4.183068384960816,0.504,0.25,0.246
4.1831053240907545,0.503,0.25,0.247
4.196302318988581,0.502,0.251,0.247
4.197705836149737,0.501,0.251,0.248
4.201285799695955,0.502,0.25,0.248
4.2254705611747605,0.501,0.251,0.248
4.226090811088539,0.502,0.25,0.248
4.23008688002185,0.501,0.25,0.249
4.230730124213509,0.5,0.251,0.249
4.231334842123973,0.499,0.252,0.249
4.237652711275579,0.498,0.253,0.249
4.239648288200307,0.499,0.252,0.249
4.241030459034984,0.5,0.252,0.248
4.255978502289747,0.499,0.253,0.248
4.257275672705296,0.498,0.254,0.248
4.2709886079849575,0.497,0.254,0.249
4.279583511089672,0.496,0.255,0.249
4.282040121763121,0.497,0.254,0.249
4.282642455069998,0.496,0.255,0.249
4.292079770384869,0.495,0.255,0.25
4.293528240913838,0.496,0.255,0.249
4.294357275819881,0.495,0.256,0.249
4.29511034997466,0.494,0.257,0.249
4.295989853894704,0.493,0.258,0.249
4.302181625248926,0.492,0.259,0.249
4.303247417229829,0.491,0.26,0.249
4.306976119188547,0.492,0.26,0.248
4.308007483268872,0.491,0.261,0.248
4.309030605308991,0.49,0.261,0.249
4.321361034015907,0.489,0.261,0.25
4.325938066490104,0.488,0.262,0.25
4.331779820150552,0.487,0.263,0.25
4.334877781605493,0.486,0.264,0.25
4.354546316226934,0.485,0.265,0.25
4.355554182928341,0.484,0.266,0.25
4.359519436664763,0.483,0.267,0.25
4.360567828770922,0.484,0.267,0.249
4.365272088658674,0.485,0.266,0.249
4.373196998282357,0.484,0.266,0.25
4.3830870898737615,0.483,0.266,0.251
4.393320161496048,0.482,0.266,0.252
4.404443252286511,0.481,0.266,0.253
4.413492100987582,0.482,0.265,0.253
4.420886179052954,0.481,0.266,0.253
4.436452615624803,0.48,0.267,0.253
4.436784959271535,0.479,0.268,0.253
4.4421479335029845,0.478,0.268,0.254
4.444657662333844,0.479,0.267,0.254
4.445455499690715,0.478,0.268,0.254
4.446496500277144,0.477,0.268,0.255
4.455962896122347,0.476,0.268,0.256
4.461990594298508,0.475,0.269,0.256
4.466599030075768,0.476,0.269,0.255
4.482730185767175,0.475,0.27,0.255
4.495552830093654,0.474,0.27,0.256
4.496140059682547,0.473,0.271,0.256
4.496715365186733,0.474,0.27,0.256
4.498802700984616,0.475,0.27,0.255
4.507700009841391,0.476,0.269,0.255
4.513391260034869,0.477,0.269,0.254
4.518766025053391,0.476,0.269,0.255
4.51957354292114,0.475,0.269,0.256
4.5207414595521955,0.474,0.27,0.256
4.52539117015484,0.473,0.27,0.257
4.529888487046249,0.472,0.271,0.257
4.549069937565844,0.471,0.272,0.257
4.553121824466713,0.472,0.272,0.256
4.564626707968918,0.471,0.272,0.257
4.5747329741401686,0.472,0.271,0.257
4.574740634801973,0.471,0.271,0.258
4.5859852027165555,0.47,0.272,0.258
4.586154836272358,0.469,0.272,0.259
4.587899714724952,0.468,0.273,0.259
4.588292699760062,0.467,0.274,0.259
4.591474870971037,0.466,0.275,0.259
4.595006589070484,0.467,0.274,0.259
4.595047856071895,0.466,0.275,0.259
4.59765778259907,0.467,0.275,0.258
4.6042745926654804,0.466,0.276,0.258
4.61438596073687,0.467,0.276,0.257
4.61471495564743,0.468,0.275,0.257
4.6209123871634725,0.467,0.275,0.258
4.623127373408168,0.466,0.275,0.259
4.634644529145982,0.465,0.275,0.26
4.642848174491475,0.464,0.275,0.261
4.652815435609524,0.463,0.276,0.261
4.662072081213407,0.462,0.276,0.262
4.669426651242354,0.461,0.276,0.263
4.6725957613247955,0.46,0.277,0.263
4.682452172963473,0.459,0.277,0.264
4.6883932314901235,0.458,0.278,0.264
4.697784540731209,0.457,0.278,0.265
4.707980785072423,0.458,0.277,0.265
4.708585995199142,0.457,0.277,0.266
4.709247844292332,0.458,0.277,0.265
4.710647666878529,0.457,0.278,0.265
4.716954525272792,0.458,0.277,0.265
4.721855500246499,0.457,0.278,0.265
4.7335621299582105,0.458,0.277,0.265
4.738035110852579,0.457,0.277,0.266
4.742542474498125,0.456,0.277,0.267
4.7429728026151015,0.455,0.278,0.267
4.748477603510825,0.454,0.279,0.267
4.749219177372361,0.453,0.28,0.267
4.758910102023045,0.452,0.281,0.267
4.760074518532788,0.451,0.282,0.267
4.760651114096123,0.45,0.283,0.267
4.762690524023792,0.451,0.282,0.267
4.769527295094648,0.452,0.281,0.267
4.775286012249717,0.451,0.281,0.268
4.784180965886483,0.45,0.282,0.268
4.7912104646767,0.449,0.283,0.268
4.793148415952282,0.448,0.283,0.269
4.795253997830446,0.447,0.283,0.27
4.801214339436281,0.446,0.284,0.27
4.805409404560227,0.445,0.285,0.27
4.810112540530509,0.446,0.284,0.27
4.815101672079934,0.445,0.284,0.271
4.81656446761643,0.444,0.285,0.271
4.821074217108157,0.445,0.285,0.27
4.826164768278249,0.444,0.286,0.27
4.837095012056967,0.443,0.286,0.271
4.837370687456247,0.444,0.286,0.27
4.845470946119863,0.443,0.287,0.27
4.845877749423528,0.444,0.287,0.269
4.846140375040445,0.443,0.287,0.27
4.851320144233519,0.442,0.288,0.27
4.855967490788941,0.441,0.289,0.27
4.864888731756945,0.44,0.289,0.271
4.870452868575899,0.439,0.289,0.272
4.8758424197501915,0.438,0.29,0.272
4.877695308327806,0.439,0.289,0.272
4.883488670053031,0.438,0.29,0.272
4.885485406633488,0.437,0.291,0.272
4.889271608871359,0.436,0.292,0.272
4.897925352248941,0.435,0.293,0.272
4.902205882661505,0.434,0.294,0.272
4.902299558702873,0.433,0.294,0.273
4.905936386938302,0.432,0.294,0.274
4.9210273778287705,0.431,0.294,0.275
4.923407150870917,0.432,0.294,0.274
4.927919212208918,0.433,0.293,0.274
4.927939347363558,0.432,0.294,0.274
4.9397116288754965,0.433,0.293,0.274
4.945629220255511,0.432,0.294,0.274
4.9471751114330305,0.431,0.295,0.274
4.952218731449947,0.432,0.295,0.273
4.961243566586908,0.431,0.296,0.273
4.965286251955999,0.43,0.297,0.273
4.969857340275258,0.429,0.297,0.274
4.976574273263406,0.43,0.297,0.273
4.980171723996606,0.429,0.298,0.273
4.983252035744184,0.43,0.297,0.273
4.988941125440778,0.429,0.298,0.273
4.993252983217881,0.428,0.298,0.274
4.9961810334286,0.427,0.298,0.275
4.996569032271606,0.426,0.298,0.276
5.001333039715453,0.425,0.299,0.276
5.00195667091223,0.426,0.299,0.275
5.00924775224709,0.425,0.3,0.275
5.012500057720015,0.426,0.3,0.274
5.0186625877801845,0.427,0.3,0.273
5.021980684961101,0.426,0.301,0.273
5.02394421278839,0.427,0.301,0.272
5.027985608818794,0.426,0.302,0.272
5.035369412532764,0.425,0.303,0.272
5.035466949630428,0.426,0.303,0.271
5.035963387089406,0.427,0.303,0.27
5.039728304663497,0.428,0.303,0.269
5.044067829796988,0.429,0.303,0.268
5.047409973030311,0.428,0.304,0.268
5.0480445253424095,0.429,0.304,0.267
5.050349056779636,0.43,0.303,0.267
5.0518587900616305,0.431,0.303,0.266
5.051873703681287,0.432,0.303,0.265
5.057472311756307,0.431,0.304,0.265
5.061216383474853,0.432,0.304,0.264
5.067021494669423,0.431,0.305,0.264
5.069838296939425,0.432,0.305,0.263
5.076122448388191,0.431,0.306,0.263
5.081197887631504,0.43,0.307,0.263
5.081344193674482,0.429,0.307,0.264
5.0825525410838575,0.43,0.307,0.263
5.083867949965341,0.431,0.307,0.262
5.085935692371669,0.43,0.307,0.263
5.087020066492825,0.429,0.308,0.263
5.088838516193517,0.428,0.309,0.263
5.092160937822624,0.429,0.309,0.262
5.092676819923526,0.43,0.309,0.261
5.097280855162479,0.431,0.308,0.261
5.098687064888662,0.43,0.309,0.261
5.101858056764466,0.431,0.309,0.26
5.103162009949761,0.432,0.309,0.259
5.104767559409516,0.431,0.31,0.259
5.107120493320449,0.432,0.31,0.258
5.109397368995895,0.433,0.31,0.257
5.112091405720458,0.434,0.31,0.256
5.112242222474963,0.435,0.31,0.255
5.113331182938088,0.436,0.31,0.254
5.1157016688074455,0.435,0.311,0.254
5.117192054526612,0.436,0.311,0.253
5.117254717475053,0.437,0.311,0.252
5.118300162481838,0.438,0.311,0.251
5.119210061461965,0.439,0.311,0.25
5.120885204227957,0.44,0.311,0.249
5.125752400866558,0.441,0.311,0.248
5.12649247956896,0.442,0.311,0.247
5.126585283496152,0.441,0.311,0.248
5.126988219314951,0.442,0.311,0.247
5.129516834459323,0.443,0.311,0.246
5.131857152291413,0.444,0.311,0.245
5.134597803424751,0.443,0.311,0.246
5.13842992170163,0.444,0.311,0.245
5.139133962581687,0.445,0.311,0.244
5.141358822348533,0.444,0.311,0.245
5.141883474365459,0.445,0.311,0.244
5.145513560625729,0.444,0.311,0.245
5.149853218069241,0.445,0.311,0.244
5.150352023545531,0.446,0.311,0.243
5.154562940995067,0.445,0.311,0.244
5.157223281319445,0.446,0.311,0.243
5.159977029397709,0.445,0.312,0.243
5.167733527185164,0.446,0.311,0.243
5.168090726979404,0.447,0.311,0.242
5.168771684593532,0.446,0.312,0.242
5.170161875406569,0.447,0.312,0.241
5.174583799453638,0.448,0.312,0.24
5.1761337065466995,0.449,0.312,0.239
5.177136661157783,0.45,0.312,0.238
5.178556387863065,0.451,0.312,0.237
5.178822814889144,0.452,0.312,0.236
5.179412678959451,0.451,0.312,0.237
5.18479880840806,0.45,0.312,0.238
5.187728301919129,0.451,0.311,0.238
5.19111178769904,0.452,0.311,0.237
5.192563399368576,0.453,0.31,0.237
5.195209287139003,0.454,0.31,0.236
5.198527980225252,0.455,0.31,0.235
5.206081055469552,0.456,0.31,0.234
5.206443861955543,0.455,0.31,0.235
5.2068528961438645,0.456,0.31,0.234
5.20734712497166,0.457,0.31,0.233
5.2091553088324565,0.458,0.31,0.232
5.209416181635629,0.459,0.31,0.231
5.210155241599459,0.458,0.31,0.232
5.211748361809098,0.457,0.31,0.233
5.216073723808989,0.456,0.31,0.234
5.221643014587161,0.457,0.31,0.233
5.221936472760759,0.458,0.31,0.232
5.223567077660982,0.459,0.31,0.231
5.2265283541884715,0.46,0.31,0.23
5.226626435682441,0.461,0.31,0.229
5.231817976021078,0.462,0.31,0.228
5.232161633939978,0.461,0.311,0.228
5.2340997180607465,0.462,0.311,0.227
5.2347167053543275,0.461,0.312,0.227
5.235471805327529,0.462,0.312,0.226
5.236474607012828,0.463,0.311,0.226
5.246680953666388,0.464,0.311,0.225
5.250087658827166,0.465,0.311,0.224
5.252131482876651,0.466,0.311,0.223
5.2553022999059555,0.467,0.311,0.222
5.258112770264054,0.466,0.312,0.222
5.2591456046802625,0.467,0.312,0.221
5.260729772440361,0.468,0.312,0.22
5.262571623413973,0.469,0.312,0.219
5.265018434754043,0.47,0.311,0.219
5.267871858131749,0.471,0.311,0.218
5.275137932429178,0.472,0.311,0.217
5.278350492545666,0.473,0.311,0.216
5.282682743184949,0.472,0.312,0.216
5.2838634398250095,0.473,0.312,0.215
5.284780425892367,0.474,0.312,0.214
5.285354060723253,0.473,0.312,0.215
5.285760335441763,0.474,0.312,0.214
5.28626995290744,0.475,0.311,0.214
5.287391189166054,0.474,0.311,0.215
5.293655583298208,0.475,0.311,0.214
5.294891400784229,0.476,0.311,0.213
5.295753810971647,0.477,0.311,0.212
5.29690026431657,0.478,0.311,0.211
5.301677777684327,0.477,0.312,0.211
5.303696744154656,0.476,0.312,0.212
5.307515584816212,0.475,0.313,0.212
5.308706616143025,0.474,0.313,0.213
5.308729972440671,0.475,0.313,0.212
5.311300355221086,0.474,0.314,0.212
5.316980990045645,0.473,0.315,0.212
5.322140894739799,0.474,0.315,0.211
5.325275235679956,0.475,0.314,0.211
5.325526618466208,0.476,0.314,0.21
5.32615291873476,0.475,0.315,0.21
5.327471538844309,0.476,0.315,0.209
5.328162405534985,0.475,0.316,0.209
5.331332990322133,0.476,0.316,0.208
5.332322515429718,0.477,0.316,0.207
5.333249026689737,0.478,0.316,0.206
5.336143391004116,0.479,0.316,0.205
5.337724029900717,0.48,0.316,0.204
5.33830396934208,0.481,0.315,0.204
5.340361033201812,0.482,0.314,0.204
5.340521454621696,0.481,0.315,0.204
5.34411581545967,0.48,0.315,0.205
5.345670874640375,0.481,0.315,0.204
5.34853341442626,0.482,0.315,0.203
5.353566699929748,0.481,0.316,0.203
5.357935090439157,0.482,0.316,0.202
5.359631489737572,0.481,0.317,0.202
5.35988545133809,0.48,0.318,0.202
5.361532122512359,0.481,0.318,0.201
5.372047668953413,0.48,0.319,0.201
5.378707335840374,0.481,0.319,0.2
5.379770307767416,0.482,0.318,0.2
5.379943294374266,0.483,0.318,0.199
5.383252429457983,0.484,0.318,0.198
5.3936598751388685,0.485,0.318,0.197
5.394606205348569,0.484,0.318,0.198
5.396572154915649,0.485,0.318,0.197
5.3977587473620865,0.486,0.318,0.196
5.4010898591193275,0.487,0.318,0.195
5.401444124275202,0.486,0.318,0.196
5.406590880281957,0.485,0.318,0.197
5.40708710119325,0.486,0.318,0.196
5.407122078585915,0.485,0.319,0.196
5.407780380506823,0.486,0.318,0.196
5.408149880631032,0.485,0.318,0.197
5.408672787380979,0.484,0.319,0.197
5.415267700858926,0.485,0.319,0.196
5.41653937881351,0.486,0.318,0.196
5.417015413921629,0.485,0.319,0.196
5.42534206246629,0.486,0.319,0.195
5.4272091668022435,0.487,0.319,0.194
5.429640708807921,0.488,0.319,0.193
5.433094005592954,0.487,0.32,0.193
5.435641525706438,0.488,0.32,0.192
5.43651499985897,0.487,0.32,0.193
5.438170740393506,0.488,0.32,0.192
5.443030920912266,0.489,0.32,0.191
5.446597276136513,0.488,0.32,0.192
5.44673275222249,0.489,0.32,0.191
5.457258288453385,0.49,0.32,0.19
5.457703829567397,0.489,0.32,0.191
5.459029385827424,0.49,0.32,0.19
5.463033302255094,0.491,0.319,0.19
5.463534517186084,0.49,0.319,0.191
5.476625802370913,0.489,0.319,0.192
5.481088321972683,0.49,0.319,0.191
5.482094723124708,0.491,0.319,0.19
5.482565613610202,0.49,0.32,0.19
5.483625963450889,0.491,0.32,0.189
5.486961535848338,0.492,0.32,0.188
5.488294275194713,0.493,0.32,0.187
5.490650858934349,0.494,0.32,0.186
5.496123559887646,0.495,0.32,0.185
5.497103578095954,0.496,0.32,0.184
5.503466995496828,0.497,0.319,0.184
5.504921251567982,0.498,0.318,0.184
5.50562970485007,0.499,0.318,0.183
5.5105158311027,0.5,0.318,0.182
5.511058622871064,0.501,0.318,0.181
5.515201632241251,0.502,0.318,0.18
5.516406904817908,0.501,0.319,0.18
5.517189506267122,0.502,0.319,0.179
5.521359824552073,0.501,0.32,0.179
5.521474124427457,0.502,0.32,0.178
5.534324725125717,0.503,0.32,0.177
5.534864066909855,0.504,0.32,0.176
5.540900214653057,0.503,0.32,0.177
5.543845586613398,0.502,0.321,0.177
5.548528080243524,0.503,0.321,0.176
5.549568846159963,0.504,0.32,0.176
5.550116772213909,0.505,0.32,0.175
5.556912944561655,0.506,0.32,0.174
5.557478634475297,0.507,0.32,0.173
5.560207511683831,0.508,0.32,0.172
5.561119599455456,0.507,0.321,0.172
5.564865153196482,0.508,0.321,0.171
5.567079278711577,0.509,0.321,0.17
5.568999943224328,0.51,0.321,0.169
5.571475860553016,0.511,0.321,0.168
5.571694694059551,0.512,0.321,0.167
5.574047888001428,0.511,0.321,0.168
5.5758226708556275,0.51,0.321,0.169
5.5792507593003275,0.511,0.321,0.168
5.583247596242563,0.512,0.321,0.167
5.5910933152304505,0.511,0.321,0.168
