time,f0,f1,f2
0.0,1.0,0.0,0.0
0.0013287963921213904,0.999,0.0,0.001
0.0038611147993018674,0.998,0.0,0.002
0.005141915078671087,0.997,0.001,0.002
0.010253828434943074,0.996,0.002,0.002
0.014289804481990931,0.995,0.002,0.003
0.0236096813030489,0.994,0.002,0.004
0.024088190131682896,0.993,0.003,0.004
0.02868896559175534,0.992,0.003,0.005
0.02968623976665772,0.991,0.004,0.005
0.03228796692364,0.99,0.005,0.005
0.04738274125735241,0.989,0.005,0.006
0.05090888352884307,0.988,0.006,0.006
0.054256227299682346,0.987,0.006,0.007
0.05426539287334293,0.986,0.006,0.008
0.07921048049737081,0.985,0.006,0.009
0.09602552875424306,0.984,0.007,0.009
0.09625562118447688,0.983,0.007,0.01
0.10560152970045147,0.982,0.007,0.011
0.10585505661903089,0.981,0.007,0.012
0.11456233546288519,0.98,0.008,0.012
0.12753150641960243,0.979,0.008,0.013
0.12880958783837143,0.978,0.009,0.013
0.13477670507030418,0.977,0.009,0.014
0.1447371257982444,0.976,0.01,0.014
0.15299690449818787,0.975,0.01,0.015
0.1656344874682729,0.974,0.011,0.015
0.172528262007198,0.973,0.011,0.016
0.17599920516851295,0.972,0.011,0.017
0.18485404147961398,0.971,0.011,0.018
0.19952965959436264,0.97,0.011,0.019
0.21431230003525464,0.969,0.012,0.019
0.2263403218138333,0.968,0.013,0.019
0.22751269104866687,0.967,0.014,0.019
0.23230912290773828,0.966,0.014,0.02
0.239557723740528,0.965,0.015,0.02
0.24686666965142573,0.964,0.015,0.021
0.2509688177318197,0.963,0.015,0.022
0.2516437190886201,0.962,0.015,0.023
0.25662143212196215,0.961,0.015,0.024
0.2568266592278127,0.96,0.015,0.025
0.27924860430765686,0.959,0.016,0.025
0.28631751695271673,0.958,0.017,0.025
0.29129407396685575,0.957,0.018,0.025
0.29270159599487083,0.956,0.018,0.026
0.2971548128977037,0.955,0.019,0.026
0.2998043313904471,0.954,0.02,0.026
0.3044416301822964,0.953,0.02,0.027
0.30577347639437796,0.952,0.021,0.027
0.3162562299864466,0.951,0.021,0.028
0.31921941353006456,0.95,0.022,0.028
0.3199570166135023,0.949,0.022,0.029
0.3253584175504055,0.948,0.023,0.029
0.3358546703944899,0.947,0.023,0.03
0.3391345215520673,0.946,0.023,0.031
0.3442102436448635,0.945,0.023,0.032
0.3447838565803082,0.944,0.024,0.032
0.3476593725574533,0.943,0.024,0.033
0.35804172011385094,0.942,0.025,0.033
0.3627723657096469,0.941,0.025,0.034
0.3678769135896045,0.94,0.026,0.034
0.37640352011064665,0.939,0.027,0.034
0.37990570453153927,0.938,0.027,0.035
0.3874108837260575,0.937,0.028,0.035
0.39300048960907685,0.936,0.029,0.035
0.39324346681167,0.935,0.029,0.036
0.3948276872317997,0.934,0.029,0.037
0.39838394306732594,0.933,0.029,0.038
0.4033252496773643,0.932,0.029,0.039
0.4128488895111811,0.931,0.029,0.04
0.4162868079676769,0.93,0.029,0.041
0.41699266694048803,0.929,0.03,0.041
0.42442939891182146,0.928,0.03,0.042
0.43813647900540476,0.927,0.03,0.043
0.445743167113339,0.928,0.03,0.042
0.44873376067901183,0.927,0.031,0.042
0.4526176131475083,0.926,0.031,0.043
0.4643012199826335,0.925,0.032,0.043
0.4660834563245128,0.924,0.033,0.043
0.46663855610992444,0.923,0.034,0.043
0.46830752599586883,0.922,0.034,0.044
0.47098816017009726,0.921,0.034,0.045
0.47099805061947814,0.92,0.034,0.046
0.48432603390547535,0.919,0.034,0.047
0.4881327700885994,0.918,0.034,0.048
0.5050828993558152,0.917,0.034,0.049
0.5139717425607948,0.916,0.035,0.049
0.5173083652073776,0.915,0.035,0.05
0.5174265729593844,0.914,0.036,0.05
0.5303263841188385,0.913,0.037,0.05
0.5354024358357372,0.914,0.037,0.049
0.5396361145280111,0.913,0.038,0.049
0.547835217209481,0.912,0.038,0.05
0.5495573413100209,0.911,0.039,0.05
0.5507976575938413,0.91,0.039,0.051
0.5540445080281642,0.909,0.039,0.052
0.5550146380228712,0.91,0.039,0.051
0.5556540125341987,0.909,0.039,0.052
0.5563595668090817,0.908,0.04,0.052
0.5571637174328911,0.907,0.041,0.052
0.5614240591562825,0.906,0.042,0.052
0.5618523057032776,0.905,0.042,0.053
0.5666960780188859,0.904,0.042,0.054
0.5741876320559323,0.903,0.042,0.055
0.585712073227732,0.902,0.042,0.056
0.5860491533001496,0.901,0.042,0.057
0.5946761122916365,0.9,0.042,0.058
0.5976889651921353,0.899,0.042,0.059
0.6193983882380035,0.898,0.043,0.059
0.6358998400175431,0.899,0.043,0.058
0.6377571174488155,0.9,0.043,0.057
0.6397542671701372,0.899,0.044,0.057
0.6436524958401223,0.898,0.045,0.057
0.6472969595768978,0.897,0.045,0.058
0.6589303422862622,0.898,0.045,0.057
0.6651361409007114,0.897,0.045,0.058
0.6657429326296864,0.898,0.044,0.058
0.6717169174745292,0.897,0.044,0.059
0.6758628256762883,0.896,0.045,0.059
0.6800339552918883,0.895,0.046,0.059
0.685952555658846,0.894,0.046,0.06
0.6922275396648162,0.893,0.046,0.061
0.6929377501023639,0.892,0.046,0.062
0.693462195442412,0.891,0.046,0.063
0.7118698759364261,0.89,0.047,0.063
0.7162305376697469,0.889,0.048,0.063
0.7166135080216594,0.888,0.048,0.064
0.7185939353113846,0.887,0.049,0.064
0.7361116205054217,0.886,0.05,0.064
0.7380877556885309,0.885,0.051,0.064
0.7393334062272737,0.884,0.052,0.064
0.7553367914825115,0.885,0.052,0.063
0.7577137663422024,0.884,0.053,0.063
0.7609659314942537,0.885,0.052,0.063
0.7701025021589201,0.884,0.052,0.064
0.78421164917589,0.883,0.052,0.065
0.7874004786621397,0.882,0.052,0.066
0.7875714861553095,0.881,0.053,0.066
0.7875933530293892,0.88,0.053,0.067
0.7931049130287443,0.879,0.054,0.067
0.7975366168168322,0.878,0.055,0.067
0.8173971160946699,0.877,0.056,0.067
0.8190247264009028,0.876,0.056,0.068
0.8260381715764756,0.875,0.056,0.069
0.8297501782259628,0.874,0.057,0.069
0.8334845297684443,0.873,0.058,0.069
0.8372981168430231,0.872,0.059,0.069
0.852370969336349,0.871,0.059,0.07
0.8537658394035305,0.87,0.059,0.071
0.8580013682720522,0.869,0.059,0.072
0.8740110401655702,0.868,0.06,0.072
0.8774632821190146,0.867,0.06,0.073
0.8780131961839058,0.866,0.061,0.073
0.8804647191694048,0.865,0.062,0.073
0.8812129038552723,0.864,0.063,0.073
0.8815426569096724,0.863,0.063,0.074
0.8883113454224987,0.862,0.064,0.074
0.895401195901817,0.861,0.064,0.075
0.8971078611427712,0.86,0.064,0.076
0.9030752146788227,0.859,0.065,0.076
0.9046479738685091,0.858,0.066,0.076
0.9048824410677976,0.857,0.067,0.076
0.9052504970139629,0.858,0.067,0.075
0.9080359084169508,0.857,0.067,0.076
0.9203641806793014,0.856,0.068,0.076
0.9213654451867103,0.855,0.068,0.077
0.9270356503347557,0.854,0.068,0.078
0.9593555165147932,0.853,0.068,0.079
0.9714521119577332,0.852,0.068,0.08
0.9718134258171786,0.851,0.069,0.08
0.9725305833577078,0.85,0.07,0.08
0.9749215304469097,0.849,0.07,0.081
0.9894171056957869,0.848,0.07,0.082
0.9967524352785442,0.847,0.071,0.082
1.0033095476888085,0.846,0.071,0.083
1.0063040383044066,0.845,0.071,0.084
1.0148091447290515,0.844,0.072,0.084
1.0150743701907665,0.843,0.072,0.085
1.025758835533466,0.844,0.072,0.084
1.0277914496118592,0.843,0.072,0.085
1.0305386311910907,0.842,0.073,0.085
1.0407605270029467,0.841,0.074,0.085
1.043611767584476,0.84,0.074,0.086
1.0578988824702804,0.839,0.074,0.087
1.0621649872727843,0.838,0.074,0.088
1.0636294938247368,0.837,0.075,0.088
1.0661986987089938,0.838,0.075,0.087
1.0722637119125347,0.837,0.076,0.087
1.0796570765882225,0.836,0.076,0.088
1.0802322654353156,0.835,0.076,0.089
1.0858796429420758,0.834,0.076,0.09
1.0884309055797472,0.833,0.076,0.091
1.0892753647974571,0.832,0.077,0.091
1.092591620696646,0.831,0.077,0.092
1.0942955021519245,0.83,0.077,0.093
1.1051641818544633,0.829,0.077,0.094
1.1121492503965544,0.828,0.077,0.095
1.1187421956955539,0.827,0.078,0.095
1.1194872121239219,0.826,0.078,0.096
1.1340821299996466,0.825,0.078,0.097
1.1468564640236256,0.824,0.079,0.097
1.154118208986281,0.823,0.079,0.098
1.155756179056877,0.822,0.079,0.099
1.1565166518065229,0.821,0.08,0.099
1.1593179606793884,0.822,0.079,0.099
1.1764310541354568,0.821,0.079,0.1
1.1818692712719876,0.822,0.078,0.1
1.1825620904473346,0.821,0.078,0.101
1.1898580414043112,0.82,0.079,0.101
1.191456152031026,0.819,0.08,0.101
1.1932283347466155,0.818,0.081,0.101
1.1942521492154214,0.817,0.082,0.101
1.1948085092611893,0.816,0.083,0.101
1.2007675535993716,0.815,0.084,0.101
1.2216226736073754,0.814,0.085,0.101
1.2231038501366949,0.813,0.086,0.101
1.2364417050926606,0.812,0.087,0.101
1.2374695054436826,0.813,0.086,0.101
1.245717848601216,0.812,0.086,0.102
1.247011708172066,0.811,0.087,0.102
1.247262593570111,0.81,0.087,0.103
1.2485989921925662,0.811,0.086,0.103
1.2492731994918809,0.81,0.086,0.104
1.2503478660453218,0.809,0.087,0.104
1.257187619956321,0.808,0.088,0.104
1.2584033240297645,0.807,0.088,0.105
1.2604614279494277,0.806,0.089,0.105
1.2614942264024134,0.805,0.089,0.106
1.267102443917333,0.804,0.089,0.107
1.2676846314831358,0.803,0.089,0.108
1.281098617578755,0.802,0.09,0.108
1.2913957069600899,0.801,0.09,0.109
1.2947699798120207,0.8,0.09,0.11
1.305591010611667,0.799,0.09,0.111
1.309852665394943,0.798,0.091,0.111
1.3174460460734674,0.797,0.091,0.112
1.3252769142914689,0.798,0.091,0.111
1.326392249776272,0.797,0.092,0.111
1.3529814296717861,0.796,0.092,0.112
1.3575135727386012,0.795,0.093,0.112
1.3579292046016762,0.794,0.093,0.113
1.3653226348603682,0.793,0.093,0.114
1.3672923341627512,0.794,0.092,0.114
1.369421103519754,0.793,0.093,0.114
1.3718433649164767,0.792,0.094,0.114
1.3782232372656618,0.791,0.095,0.114
1.3814626663958023,0.79,0.096,0.114
1.3863266201377134,0.789,0.097,0.114
1.3954864996720266,0.788,0.098,0.114
1.4060930247502226,0.787,0.099,0.114
1.4082224837985655,0.786,0.099,0.115
1.4085301768087564,0.785,0.1,0.115
1.4122372084937775,0.784,0.101,0.115
1.4127796646318815,0.783,0.102,0.115
1.4156432283380567,0.782,0.103,0.115
1.416655202379382,0.781,0.104,0.115
1.4168155673504335,0.782,0.104,0.114
1.4180099850756256,0.781,0.104,0.115
1.4311264635961247,0.78,0.104,0.116
1.4350088878466865,0.779,0.104,0.117
1.4368261953929193,0.778,0.104,0.118
1.4421721147737327,0.777,0.104,0.119
1.4435124021375607,0.778,0.104,0.118
1.4536172769882538,0.777,0.104,0.119
1.4555793751755202,0.776,0.105,0.119
1.4561525636422787,0.775,0.106,0.119
1.4562968643206882,0.774,0.107,0.119
1.464050902008725,0.773,0.108,0.119
1.470065920430794,0.772,0.109,0.119
1.4741748294156118,0.771,0.109,0.12
1.4876551380108807,0.77,0.109,0.121
1.4909532151554823,0.771,0.108,0.121
1.49603221304541,0.77,0.109,0.121
1.4976247767425928,0.769,0.109,0.122
1.4980585842124197,0.77,0.108,0.122
1.5022103337024302,0.769,0.108,0.123
1.5031722905847429,0.77,0.108,0.122
1.5053313594319335,0.769,0.109,0.122
1.506453768314305,0.768,0.109,0.123
1.506746787523205,0.767,0.109,0.124
1.5070281999857078,0.766,0.11,0.124
1.5138247974408157,0.765,0.111,0.124
1.5269961028063075,0.764,0.111,0.125
1.528460090071319,0.763,0.112,0.125
1.5298901070607387,0.762,0.113,0.125
1.5335666541428765,0.761,0.113,0.126
1.5439757344168052,0.76,0.113,0.127
1.5493784400499817,0.761,0.113,0.126
1.5731915955155436,0.76,0.114,0.126
1.5765723232068785,0.759,0.114,0.127
1.5766425981588028,0.758,0.115,0.127
1.5806323364552701,0.757,0.115,0.128
1.5815933280624621,0.756,0.115,0.129
1.5843644496292268,0.755,0.115,0.13
1.5859542116354104,0.754,0.116,0.13
1.5947384577285604,0.755,0.115,0.13
1.6037684897433635,0.754,0.116,0.13
1.605779537987317,0.753,0.117,0.13
1.6089741666990538,0.752,0.118,0.13
1.6200988109760035,0.751,0.119,0.13
1.625502698986301,0.752,0.119,0.129
1.6290525169308805,0.753,0.119,0.128
1.6301860573398521,0.752,0.12,0.128
1.6381665511090635,0.751,0.121,0.128
1.6400805435807508,0.75,0.121,0.129
1.645560204057236,0.749,0.122,0.129
1.6534214692082507,0.75,0.121,0.129
1.6651685377915841,0.751,0.121,0.128
1.6654989092306416,0.75,0.122,0.128
1.668872014439285,0.749,0.123,0.128
1.6786982910044745,0.748,0.123,0.129
1.6884187137485906,0.747,0.124,0.129
1.6969666502863023,0.746,0.125,0.129
1.7039579042586555,0.745,0.125,0.13
1.7039651616705973,0.744,0.126,0.13
1.7052402107638172,0.743,0.127,0.13
1.712266724942827,0.742,0.128,0.13
1.7127167392248288,0.741,0.128,0.131
1.7168011361234936,0.74,0.128,0.132
1.7172002906021455,0.739,0.128,0.133
1.7220828677317814,0.738,0.128,0.134
1.725095733291932,0.737,0.129,0.134
1.7265361324973982,0.738,0.129,0.133
1.73372407218838,0.737,0.129,0.134
1.734570178237909,0.736,0.13,0.134
1.7365329739636033,0.735,0.13,0.135
1.7441790363071703,0.734,0.131,0.135
1.744688714609376,0.733,0.132,0.135
1.7687591571014831,0.732,0.133,0.135
1.7690135885587777,0.731,0.133,0.136
1.7764735047176368,0.73,0.134,0.136
1.7840543825348447,0.729,0.135,0.136
1.791293925062598,0.728,0.135,0.137
1.8065959613648315,0.727,0.136,0.137
1.815165805869417,0.728,0.136,0.136
1.820365847687566,0.727,0.137,0.136
1.82377722027587,0.726,0.138,0.136
1.8374107708664893,0.725,0.138,0.137
1.84383324531475,0.724,0.139,0.137
1.8517162149097404,0.723,0.139,0.138
1.8568981402873903,0.724,0.138,0.138
1.8599294377122113,0.723,0.138,0.139
1.8764348475139183,0.722,0.139,0.139
1.879852503119279,0.721,0.14,0.139
1.881120861790557,0.72,0.14,0.14
1.8946479382886297,0.719,0.141,0.14
1.8971662839486887,0.72,0.14,0.14
1.9140542253509225,0.719,0.141,0.14
1.9229471297118912,0.718,0.142,0.14
1.928987879614429,0.717,0.142,0.141
1.9432879608346232,0.716,0.143,0.141
1.9444096475649353,0.715,0.143,0.142
1.9445577915828223,0.714,0.143,0.143
1.9452134417326443,0.713,0.143,0.144
1.950851123897933,0.712,0.143,0.145
1.956184409223855,0.711,0.143,0.146
1.9608163948157156,0.71,0.143,0.147
1.9623693396388358,0.709,0.143,0.148
1.967019233791159,0.708,0.143,0.149
1.9688453054227522,0.707,0.144,0.149
1.9749481001065734,0.706,0.145,0.149
1.9779054832231788,0.705,0.145,0.15
1.9861990828972178,0.706,0.144,0.15
1.987444592120418,0.705,0.145,0.15
1.9882836301934392,0.704,0.145,0.151
1.9937276144359466,0.703,0.145,0.152
1.9975442916947062,0.702,0.145,0.153
2.0002731448474482,0.701,0.146,0.153
2.002126970336628,0.7,0.146,0.154
2.004990965058677,0.699,0.147,0.154
2.0053040976842387,0.698,0.148,0.154
2.0060469464973845,0.697,0.149,0.154
2.007698740422094,0.698,0.148,0.154
2.0090979443226695,0.697,0.149,0.154
2.020569637939157,0.698,0.149,0.153
2.026114094528215,0.697,0.15,0.153
2.0306996431475364,0.696,0.151,0.153
2.042734248951337,0.695,0.152,0.153
2.044180731087779,0.694,0.153,0.153
2.058190653229431,0.695,0.152,0.153
2.065568394692616,0.694,0.153,0.153
2.0690116186678655,0.693,0.153,0.154
2.0840367685835033,0.692,0.153,0.155
2.0890345154110515,0.691,0.153,0.156
2.0897344952367165,0.69,0.153,0.157
2.0974129881682435,0.689,0.153,0.158
2.0997058763675978,0.688,0.153,0.159
2.102584275329628,0.687,0.154,0.159
2.1042837421416154,0.686,0.154,0.16
2.1056228021953194,0.687,0.153,0.16
2.106169710218418,0.686,0.154,0.16
2.1083341235118707,0.687,0.153,0.16
2.11538089781519,0.686,0.153,0.161
2.1165618638675383,0.685,0.153,0.162
2.1249717701482886,0.686,0.152,0.162
2.125810712418076,0.685,0.152,0.163
2.132518502765855,0.684,0.152,0.164
2.1330223722060015,0.683,0.153,0.164
2.1397352139389976,0.682,0.153,0.165
2.1443646192932837,0.683,0.153,0.164
2.146189770538836,0.682,0.153,0.165
2.151108143432697,0.681,0.154,0.165
2.1512550774460055,0.68,0.155,0.165
2.151950769213432,0.679,0.156,0.165
2.154053116751432,0.68,0.156,0.164
2.1596929839340877,0.679,0.156,0.165
2.1624444599314447,0.678,0.157,0.165
2.167574126318142,0.677,0.158,0.165
2.1687299736221215,0.676,0.159,0.165
2.1695431499544746,0.675,0.16,0.165
2.17418012436061,0.674,0.16,0.166
2.1754471215294444,0.673,0.161,0.166
2.179521321578649,0.672,0.162,0.166
2.1795971523704827,0.671,0.162,0.167
2.19343182989056,0.67,0.163,0.167
2.194362733765338,0.669,0.164,0.167
2.195104349437415,0.668,0.165,0.167
2.2012548757606623,0.667,0.165,0.168
2.2017426296805382,0.666,0.165,0.169
2.2072829399654768,0.665,0.166,0.169
2.2091049655944155,0.664,0.167,0.169
2.221489781250756,0.663,0.168,0.169
2.228192752505424,0.662,0.169,0.169
2.229436036136771,0.663,0.168,0.169
2.2339595007250503,0.662,0.169,0.169
2.2430008078821575,0.663,0.169,0.168
2.254080091502141,0.662,0.169,0.169
2.2607765164419344,0.663,0.169,0.168
2.2628924514810635,0.662,0.169,0.169
2.2757044831009257,0.661,0.169,0.17
2.282459296939015,0.66,0.17,0.17
2.2864116637458567,0.659,0.171,0.17
2.2897867466300035,0.658,0.171,0.171
2.3029444483316017,0.659,0.17,0.171
2.3047199006843275,0.658,0.17,0.172
2.307227805183849,0.657,0.17,0.173
2.3090842817005965,0.658,0.169,0.173
2.310697886798807,0.657,0.17,0.173
2.314978763164131,0.656,0.17,0.174
2.320689446817498,0.655,0.17,0.175
2.3259284494494468,0.656,0.169,0.175
2.335317475721314,0.657,0.168,0.175
2.3447947918191225,0.656,0.168,0.176
2.3508109972006186,0.657,0.168,0.175
2.354953266840554,0.656,0.168,0.176
2.3556329639882136,0.657,0.168,0.175
2.3566890305083783,0.656,0.169,0.175
2.361877842485673,0.657,0.168,0.175
2.3647765874858186,0.656,0.169,0.175
2.3680204773485265,0.655,0.17,0.175
2.368063978979684,0.656,0.169,0.175
2.369190145544504,0.655,0.17,0.175
2.3845663208777044,0.654,0.17,0.176
2.3855689131352715,0.653,0.171,0.176
2.386510208346206,0.652,0.171,0.177
2.391291612139669,0.651,0.171,0.178
2.395069001872346,0.65,0.171,0.179
2.3962176413044287,0.649,0.172,0.179
2.4113744308977565,0.648,0.172,0.18
2.412603351822226,0.647,0.173,0.18
2.41422610665465,0.646,0.174,0.18
2.4196300687612866,0.647,0.174,0.179
2.4266820581627524,0.648,0.174,0.178
2.4400129768284753,0.647,0.174,0.179
2.447043346889008,0.646,0.175,0.179
2.448604610509566,0.645,0.175,0.18
2.4523930697325764,0.644,0.176,0.18
2.458337977080562,0.643,0.177,0.18
2.469081802144836,0.642,0.178,0.18
2.4701895745076032,0.641,0.179,0.18
2.474492225788382,0.64,0.18,0.18
2.486791632783442,0.641,0.179,0.18
2.488419625359602,0.64,0.18,0.18
2.492552307261494,0.639,0.181,0.18
2.493631395686521,0.638,0.182,0.18
2.496775826584862,0.637,0.183,0.18
2.497022142845741,0.636,0.183,0.181
2.5008370190273346,0.637,0.183,0.18
2.505320573213926,0.636,0.184,0.18
2.506531477986357,0.635,0.185,0.18
2.52050314845702,0.634,0.186,0.18
2.522440833458031,0.633,0.186,0.181
2.526577034413184,0.632,0.186,0.182
2.535302869754873,0.631,0.186,0.183
2.5358651169877464,0.63,0.186,0.184
2.5469613090918704,0.629,0.187,0.184
2.547517772321687,0.628,0.188,0.184
2.5541730423684337,0.629,0.187,0.184
2.55550107020218,0.63,0.187,0.183
2.5582883402420253,0.631,0.187,0.182
2.565729556749884,0.63,0.187,0.183
2.5695333874782422,0.629,0.187,0.184
2.583627277062808,0.628,0.188,0.184
2.5916936192019415,0.627,0.189,0.184
2.596436597922473,0.626,0.19,0.184
2.598802859702377,0.625,0.191,0.184
2.5994140363197222,0.624,0.192,0.184
2.607400358671881,0.623,0.192,0.185
2.612052591539007,0.622,0.193,0.185
2.618677724178658,0.623,0.192,0.185
2.621248825475669,0.622,0.193,0.185
2.6310811662329003,0.621,0.194,0.185
2.6365588044492583,0.622,0.194,0.184
2.6427790917754916,0.621,0.195,0.184
2.6451866515268283,0.62,0.195,0.185
2.6575476029061806,0.619,0.196,0.185
2.663072603921091,0.62,0.196,0.184
2.6650797705427594,0.621,0.196,0.183
2.668096936751031,0.62,0.196,0.184
2.668929405959457,0.619,0.197,0.184
2.6709778288596135,0.618,0.197,0.185
2.672528740944879,0.617,0.197,0.186
2.6751538386948015,0.616,0.197,0.187
2.6770138232044807,0.615,0.198,0.187
2.68126731106076,0.614,0.198,0.188
2.688607905420535,0.615,0.198,0.187
2.7002676418082134,0.614,0.198,0.188
2.7093055344414405,0.613,0.199,0.188
2.7141489518397974,0.612,0.199,0.189
2.72065515466654,0.611,0.2,0.189
2.724058278558332,0.61,0.2,0.19
2.7320591189180146,0.609,0.2,0.191
2.732275032678602,0.61,0.2,0.19
2.73460538293623,0.609,0.201,0.19
2.735239967063163,0.608,0.201,0.191
2.74613620266774,0.607,0.201,0.192
2.7483734093857493,0.608,0.2,0.192
2.7517904377638382,0.607,0.2,0.193
2.754617689845651,0.606,0.201,0.193
2.7711447474216597,0.607,0.2,0.193
2.772149826250185,0.608,0.2,0.192
2.775056178207687,0.607,0.2,0.193
2.7830145425718285,0.606,0.201,0.193
2.7840123220707533,0.605,0.202,0.193
2.786879444053214,0.604,0.203,0.193
2.7906745806380506,0.603,0.204,0.193
2.794902033386182,0.604,0.203,0.193
2.8005553771521545,0.605,0.202,0.193
2.8169027258730606,0.604,0.203,0.193
2.820902905430609,0.603,0.204,0.193
2.822277896127799,0.602,0.205,0.193
2.822514191137963,0.603,0.205,0.192
2.823581491230628,0.602,0.206,0.192
2.8299308164719252,0.601,0.207,0.192
2.831310390362828,0.6,0.208,0.192
2.8318007786059214,0.599,0.209,0.192
2.8349789077229444,0.598,0.21,0.192
2.835637755577622,0.597,0.211,0.192
2.8475748948474022,0.596,0.212,0.192
2.8500180391741483,0.595,0.212,0.193
2.8637126115801137,0.594,0.213,0.193
2.871851950210322,0.595,0.213,0.192
2.8879052208613425,0.594,0.214,0.192
2.888751339963602,0.593,0.214,0.193
2.891442358864408,0.594,0.213,0.193
2.8958668975308304,0.593,0.214,0.193
2.8963855181612863,0.592,0.214,0.194
2.911358452230169,0.591,0.215,0.194
2.918863528915312,0.59,0.216,0.194
2.9268264774061192,0.589,0.216,0.195
2.9291330414127965,0.59,0.216,0.194
2.929311756472724,0.591,0.215,0.194
2.934762268619348,0.59,0.216,0.194
2.94158655733937,0.589,0.216,0.195
2.9447065912229875,0.588,0.217,0.195
2.951939294306458,0.587,0.217,0.196
2.9549730518102777,0.588,0.216,0.196
2.956860442357387,0.587,0.217,0.196
2.9627464130715455,0.586,0.218,0.196
2.9654966149243425,0.585,0.219,0.196
2.9661980585333185,0.586,0.218,0.196
2.9679537721524127,0.585,0.219,0.196
2.975880709620657,0.584,0.22,0.196
2.9793555898109614,0.583,0.221,0.196
2.9801453004901863,0.584,0.221,0.195
2.986058821226762,0.583,0.221,0.196
2.986423823386609,0.584,0.22,0.196
2.9867222460076217,0.585,0.22,0.195
3.0107729880947947,0.584,0.221,0.195
3.016332313506462,0.583,0.222,0.195
3.037266369427855,0.582,0.223,0.195
3.0377446184165655,0.581,0.224,0.195
3.0465964403176096,0.58,0.224,0.196
3.0544149178681606,0.581,0.224,0.195
3.0548425091420035,0.58,0.225,0.195
3.0607438718577846,0.579,0.225,0.196
3.0631288487158455,0.578,0.226,0.196
3.0673174300719106,0.579,0.225,0.196
3.0677934658942427,0.578,0.226,0.196
3.068861148448614,0.577,0.226,0.197
3.0732827730460874,0.578,0.226,0.196
3.090458770698287,0.577,0.227,0.196
3.0963804116055553,0.576,0.228,0.196
3.1140254921247035,0.575,0.228,0.197
3.1161719895260327,0.574,0.228,0.198
3.1310539392046595,0.575,0.228,0.197
3.137554238926296,0.574,0.229,0.197
3.1428380086361343,0.573,0.229,0.198
3.1663573334689734,0.572,0.23,0.198
3.1705118530638234,0.571,0.231,0.198
3.172854516094681,0.57,0.232,0.198
3.174856459632445,0.569,0.233,0.198
3.1786354119088647,0.568,0.234,0.198
3.1875817274953726,0.567,0.235,0.198
3.1914057375641454,0.568,0.235,0.197
3.2024826377286475,0.567,0.236,0.197
3.2043221786840843,0.566,0.237,0.197
3.215969599943204,0.567,0.237,0.196
3.2228192711514327,0.566,0.238,0.196
3.2251171798807277,0.565,0.239,0.196
3.2296610903256977,0.564,0.239,0.197
3.235302426676418,0.563,0.239,0.198
3.236195323345877,0.562,0.239,0.199
3.238446523677793,0.561,0.239,0.2
3.2554939637025995,0.56,0.24,0.2
3.2560506822369883,0.561,0.24,0.199
3.258657166282473,0.56,0.24,0.2
3.267175260108613,0.559,0.24,0.201
3.2686668317329186,0.558,0.24,0.202
3.272694188844947,0.557,0.241,0.202
3.274221160533683,0.556,0.241,0.203
3.279232249586542,0.555,0.241,0.204
3.280607536026526,0.554,0.242,0.204
3.280987301266024,0.553,0.242,0.205
3.2933804257154837,0.552,0.242,0.206
3.2994870273266206,0.551,0.242,0.207
3.301131146560864,0.55,0.243,0.207
3.3111033229254745,0.549,0.243,0.208
3.3160579205846656,0.548,0.244,0.208
3.316059599858889,0.547,0.244,0.209
3.3171107857874125,0.546,0.244,0.21
3.327492258750002,0.547,0.243,0.21
3.334532808523091,0.546,0.244,0.21
3.3430996149592853,0.545,0.244,0.211
3.344216156009324,0.546,0.243,0.211
3.3462962462796826,0.545,0.244,0.211
3.3499323474018907,0.546,0.243,0.211
3.351319232752218,0.545,0.244,0.211
3.3578858057572867,0.544,0.244,0.212
3.3628313463278734,0.543,0.245,0.212
3.365455420490619,0.542,0.246,0.212
3.3679064572597386,0.543,0.246,0.211
3.3742361313337264,0.542,0.246,0.212
3.37791648697106,0.541,0.247,0.212
3.3848526252064373,0.54,0.247,0.213
3.3863912537569876,0.541,0.247,0.212
3.3883077377130126,0.54,0.247,0.213
3.391824957434362,0.539,0.248,0.213
3.396496498615043,0.538,0.249,0.213
3.403815436701713,0.539,0.249,0.212
3.4044959521446234,0.54,0.249,0.211
3.4063029624908276,0.539,0.25,0.211
3.412258946145333,0.54,0.249,0.211
3.4154278389678723,0.541,0.249,0.21
3.416805068259683,0.54,0.25,0.21
3.4221920194325546,0.539,0.251,0.21
3.4247998525312715,0.538,0.251,0.211
3.4326163990881446,0.537,0.252,0.211
3.4342925553779957,0.536,0.252,0.212
3.4373143906623373,0.537,0.252,0.211
3.4398361664821087,0.536,0.253,0.211
3.4462412466825585,0.535,0.254,0.211
3.4463353976521187,0.534,0.255,0.211
3.449179057627531,0.533,0.255,0.212
3.4523155318526237,0.532,0.256,0.212
3.454454455434385,0.533,0.255,0.212
3.455064043505698,0.534,0.254,0.212
3.4612717176560257,0.533,0.255,0.212
3.466665334892114,0.532,0.256,0.212
3.4678739941990204,0.533,0.255,0.212
3.468753825843786,0.532,0.256,0.212
3.47149970778717,0.531,0.256,0.213
3.472792899747246,0.53,0.257,0.213
3.481333478837982,0.529,0.257,0.214
3.4854398193278735,0.528,0.257,0.215
3.4974329557172408,0.527,0.257,0.216
3.497915662374118,0.526,0.257,0.217
3.5215674916479207,0.525,0.258,0.217
3.543000723805034,0.524,0.258,0.218
3.546221594656195,0.523,0.259,0.218
3.5468602813044656,0.524,0.258,0.218
3.5524135554037435,0.525,0.257,0.218
3.567505733263161,0.524,0.257,0.219
3.5716020945628477,0.523,0.258,0.219
3.5872108028206826,0.522,0.259,0.219
3.5897122626365494,0.521,0.26,0.219
3.5913297351878195,0.522,0.259,0.219
3.5974622368262796,0.521,0.26,0.219
3.6021173980414396,0.52,0.26,0.22
3.602301878626623,0.521,0.26,0.219
3.6103962394244813,0.52,0.26,0.22
3.610448995982504,0.519,0.261,0.22
3.611329634752651,0.518,0.261,0.221
3.612119874159546,0.517,0.261,0.222
3.61392323822578,0.516,0.261,0.223
3.6143060154887947,0.515,0.261,0.224
3.6143287915628717,0.514,0.261,0.225
3.6206624545402653,0.513,0.262,0.225
3.6324166913885527,0.514,0.262,0.224
3.6345451084349474,0.513,0.262,0.225
3.640157809736895,0.514,0.261,0.225
3.65022523905133,0.513,0.262,0.225
3.65334389999586,0.512,0.263,0.225
3.6536161066215427,0.513,0.262,0.225
3.655134390485981,0.512,0.263,0.225
3.655980240139138,0.513,0.263,0.224
3.6664119456186963,0.514,0.262,0.224
3.667049110921116,0.513,0.262,0.225
3.6720073027521827,0.514,0.262,0.224
3.6758434238905204,0.513,0.263,0.224
3.6873867202600916,0.512,0.263,0.225
3.6881278897446426,0.511,0.263,0.226
3.6931997140174224,0.51,0.264,0.226
3.695656726707432,0.511,0.264,0.225
3.7012668302488696,0.512,0.263,0.225
3.70290241947767,0.511,0.263,0.226
3.703407675563685,0.51,0.263,0.227
3.7050169534767114,0.511,0.263,0.226
3.708964324524288,0.51,0.263,0.227
3.7120665807756543,0.511,0.262,0.227
3.716326943420921,0.51,0.262,0.228
3.7205050056964244,0.509,0.262,0.229
3.722643296382401,0.51,0.262,0.228
3.730229427269573,0.509,0.262,0.229
3.7309937272679767,0.51,0.262,0.228
3.733922647880321,0.511,0.262,0.227
3.735997714965299,0.51,0.262,0.228
3.7401056523227574,0.511,0.261,0.228
3.742888739579946,0.51,0.261,0.229
3.7463648383867163,0.511,0.26,0.229
3.7569846597077747,0.51,0.261,0.229
3.773480333330269,0.509,0.261,0.23
3.7803156539264307,0.508,0.261,0.231
3.7827349782872854,0.507,0.262,0.231
3.7846754266068396,0.506,0.263,0.231
3.7850958691658554,0.505,0.263,0.232
3.7885307755904214,0.506,0.262,0.232
3.7911287590311393,0.505,0.262,0.233
3.794445133836148,0.506,0.262,0.232
3.804259026340378,0.505,0.263,0.232
3.8126595730150843,0.506,0.262,0.232
3.8262288668058217,0.505,0.262,0.233
3.8281049630833013,0.504,0.263,0.233
3.8472129784192566,0.505,0.263,0.232
3.848258495702999,0.504,0.263,0.233
3.851687854263538,0.503,0.263,0.234
3.8631720554420537,0.502,0.264,0.234
3.864201115561555,0.503,0.263,0.234
3.8657564805473434,0.502,0.264,0.234
3.8676339807592184,0.501,0.264,0.235
3.8676404852880797,0.5,0.265,0.235
3.8749811533760443,0.499,0.266,0.235
3.8758643060061124,0.498,0.267,0.235
3.877953993340618,0.499,0.267,0.234
3.8810058659172983,0.498,0.268,0.234
3.883024622398082,0.497,0.269,0.234
3.8924529267778403,0.498,0.268,0.234
3.9050248484357595,0.497,0.269,0.234
3.910273847983741,0.496,0.27,0.234
3.9103645965143956,0.495,0.271,0.234
3.911091381396128,0.494,0.271,0.235
3.9119758845947983,0.493,0.271,0.236
3.9144075609801043,0.492,0.272,0.236
3.9151819023048406,0.493,0.271,0.236
3.916548081735405,0.492,0.271,0.237
3.9188400324965524,0.493,0.271,0.236
3.9246933054855235,0.492,0.271,0.237
3.9254650875108315,0.493,0.27,0.237
3.937559298986876,0.492,0.27,0.238
3.9458612210843422,0.493,0.269,0.238
3.9507900349401477,0.492,0.269,0.239
3.9545606756442906,0.493,0.269,0.238
3.957252911237142,0.492,0.269,0.239
3.958628326718248,0.491,0.269,0.24
3.968741181805219,0.49,0.269,0.241
3.9698290732555797,0.489,0.269,0.242
3.998243271293509,0.488,0.269,0.243
3.999926107600328,0.489,0.268,0.243
4.001769910680032,0.488,0.268,0.244
4.011586457359467,0.487,0.268,0.245
4.023887336428503,0.486,0.268,0.246
4.029181110621912,0.485,0.268,0.247
4.032156077837374,0.484,0.268,0.248
4.032320846461779,0.483,0.269,0.248
4.041617559036622,0.482,0.27,0.248
4.0419220915724585,0.483,0.269,0.248
4.042834978552247,0.482,0.27,0.248
4.045940806766131,0.481,0.271,0.248
4.052195313399145,0.482,0.27,0.248
4.056504513332246,0.483,0.27,0.247
4.06378037210999,0.482,0.27,0.248
4.065358672526377,0.481,0.27,0.249
4.068443139014872,0.48,0.271,0.249
4.068454897044219,0.479,0.271,0.25
4.070663770864748,0.478,0.271,0.251
4.072307412330998,0.477,0.272,0.251
4.097633463876544,0.476,0.273,0.251
4.100019977521109,0.475,0.274,0.251
4.101792468404505,0.474,0.275,0.251
4.108985130267025,0.473,0.276,0.251
4.109650782144832,0.474,0.276,0.25
4.111979922366585,0.475,0.275,0.25
4.11399382636677,0.476,0.274,0.25
4.114747736031307,0.475,0.274,0.251
4.119771840008778,0.476,0.274,0.25
4.1241054941066775,0.475,0.274,0.251
4.127403067761761,0.476,0.274,0.25
4.138471406854995,0.475,0.275,0.25
4.145631717730407,0.476,0.274,0.25
4.146148602457882,0.475,0.274,0.251
4.168211667341404,0.474,0.274,0.252
4.170070770502556,0.475,0.273,0.252
4.175740608290841,0.474,0.274,0.252
4.179379902509381,0.473,0.274,0.253
4.1803627883928085,0.474,0.274,0.252
4.181345610079707,0.475,0.273,0.252
4.184000667537414,0.474,0.274,0.252
4.208154966756689,0.473,0.275,0.252
4.216753153467151,0.472,0.275,0.253
4.21705655253094,0.471,0.276,0.253
4.217387587256571,0.47,0.277,0.253
4.217779213901282,0.469,0.278,0.253
4.217837501387332,0.47,0.278,0.252
4.228874120060661,0.469,0.278,0.253
4.236869041550783,0.47,0.278,0.252
4.241431181902892,0.471,0.278,0.251
4.242208306979244,0.47,0.279,0.251
4.248911786578017,0.471,0.279,0.25
4.250119145664273,0.472,0.278,0.25
4.253111614024823,0.471,0.278,0.251
4.257508583568051,0.47,0.279,0.251
4.2610051905540685,0.469,0.28,0.251
4.265392728962341,0.47,0.28,0.25
4.266196127975536,0.469,0.281,0.25
4.2676979927604135,0.47,0.281,0.249
4.269876467543865,0.471,0.281,0.248
4.2737595309140115,0.47,0.281,0.249
4.280110092728648,0.469,0.281,0.25
4.280474534810617,0.468,0.282,0.25
4.282599397830959,0.467,0.283,0.25
4.291546168861651,0.468,0.282,0.25
4.2929871748986095,0.467,0.282,0.251
4.293881352835546,0.466,0.283,0.251
4.299425444386392,0.465,0.283,0.252
4.307863365991896,0.464,0.284,0.252
4.309288029581913,0.463,0.285,0.252
4.3130028380036896,0.464,0.285,0.251
4.316792859729496,0.463,0.285,0.252
4.3184614368809395,0.462,0.286,0.252
4.326003405591333,0.461,0.286,0.253
4.3261096683726965,0.46,0.286,0.254
4.326199103043073,0.459,0.287,0.254
4.329674713469156,0.458,0.287,0.255
4.33254223864066,0.457,0.288,0.255
4.334222569006222,0.456,0.289,0.255
4.337264890560459,0.457,0.288,0.255
4.347283931602357,0.456,0.289,0.255
4.353704761750317,0.457,0.289,0.254
4.373010990478954,0.458,0.289,0.253
4.377238232396049,0.457,0.29,0.253
4.378135906207619,0.456,0.29,0.254
4.379541691081736,0.455,0.29,0.255
4.3804204860514755,0.454,0.291,0.255
4.381311026029176,0.453,0.292,0.255
4.383081379367308,0.452,0.292,0.256
4.384963523573282,0.451,0.293,0.256
4.387287794575216,0.45,0.293,0.257
4.3877427138796445,0.449,0.294,0.257
4.389982798833066,0.448,0.294,0.258
4.4017532638257215,0.447,0.294,0.259
4.404944827433398,0.448,0.293,0.259
4.4109945856890596,0.449,0.292,0.259
4.418823936639284,0.448,0.293,0.259
4.422103354369105,0.449,0.292,0.259
4.422704514201617,0.448,0.293,0.259
4.427383826077388,0.447,0.293,0.26
4.429927822029073,0.448,0.293,0.259
4.431498857822236,0.449,0.293,0.258
4.465476303252472,0.448,0.294,0.258
4.475674992328665,0.447,0.295,0.258
4.477345710979543,0.446,0.296,0.258
4.481680300780418,0.447,0.296,0.257
4.483046703090132,0.446,0.297,0.257
4.483417088530274,0.445,0.298,0.257
4.484675505100508,0.444,0.298,0.258
4.485037262586692,0.445,0.298,0.257
4.490325214875306,0.444,0.299,0.257
4.495076576581675,0.443,0.299,0.258
4.501757874847351,0.444,0.299,0.257
4.505481852838051,0.445,0.299,0.256
4.509812950507544,0.444,0.3,0.256
4.514358973124847,0.445,0.3,0.255
4.514936126709779,0.444,0.301,0.255
4.515588534448,0.445,0.3,0.255
4.517609761499984,0.446,0.3,0.254
4.520529562701905,0.447,0.3,0.253
4.520774661571516,0.446,0.3,0.254
4.528602616231273,0.445,0.3,0.255
4.5401150430383765,0.446,0.299,0.255
4.547261692175398,0.445,0.299,0.256
4.547483154053544,0.444,0.299,0.257
4.557407422858866,0.445,0.299,0.256
4.557427660565815,0.446,0.299,0.255
4.560152606133592,0.445,0.299,0.256
4.56351711391196,0.446,0.299,0.255
4.568203012712655,0.447,0.299,0.254
4.568738184554884,0.446,0.3,0.254
4.571290413657464,0.445,0.3,0.255
4.5728840482954025,0.446,0.3,0.254
4.5731522324126805,0.445,0.3,0.255
4.5780776847449856,0.446,0.3,0.254
4.580242287374321,0.447,0.3,0.253
4.592140356406031,0.446,0.3,0.254
4.595497284645602,0.445,0.301,0.254
4.5955589049493595,0.446,0.301,0.253
4.5970436034657105,0.447,0.301,0.252
4.597816158357058,0.448,0.301,0.251
4.600428309887571,0.449,0.301,0.25
4.600597146556461,0.45,0.301,0.249
4.6006897845151205,0.449,0.301,0.25
4.602281187071338,0.45,0.301,0.249
4.604728457646155,0.451,0.301,0.248
4.612883444331271,0.45,0.302,0.248
4.615455548862164,0.451,0.302,0.247
4.618233614112523,0.452,0.302,0.246
4.61849917418981,0.451,0.302,0.247
4.622104101304498,0.45,0.303,0.247
4.623912040921989,0.449,0.304,0.247
4.6247933469528935,0.45,0.304,0.246
4.627930209827702,0.451,0.304,0.245
4.634081686788482,0.452,0.304,0.244
4.636216099669504,0.453,0.303,0.244
4.638413032017776,0.454,0.303,0.243
4.638831024820182,0.455,0.303,0.242
4.641190867693102,0.456,0.303,0.241
4.642404216980262,0.455,0.303,0.242
4.642916685422846,0.456,0.303,0.241
4.645500102240029,0.455,0.303,0.242
4.649207242053214,0.456,0.303,0.241
4.653384162519025,0.457,0.303,0.24
4.6564455738361525,0.458,0.303,0.239
4.658570570965734,0.457,0.304,0.239
4.661251693078193,0.458,0.304,0.238
4.661775269712524,0.459,0.304,0.237
4.665389030522184,0.46,0.304,0.236
4.666064403157241,0.459,0.305,0.236
4.666792545493676,0.458,0.305,0.237
4.670748263278327,0.459,0.305,0.236
4.67129995463437,0.46,0.305,0.235
4.675231173276303,0.461,0.305,0.234
4.6752753489277366,0.462,0.305,0.233
4.675693850060387,0.463,0.305,0.232
4.68601693719052,0.464,0.305,0.231
4.6890726206717,0.463,0.305,0.232
4.692221781318326,0.462,0.306,0.232
4.69307784730265,0.461,0.306,0.233
4.697133245881385,0.46,0.306,0.234
4.7003885524236555,0.459,0.306,0.235
4.701077269179692,0.46,0.305,0.235
4.70254586161978,0.459,0.305,0.236
4.7048559172545295,0.46,0.305,0.235
4.7065212863111645,0.461,0.305,0.234
4.7069656839117595,0.46,0.306,0.234
4.707071364023695,0.459,0.306,0.235
4.710329464318288,0.46,0.305,0.235
4.710993077139766,0.459,0.305,0.236
4.711861651016106,0.46,0.305,0.235
4.723267142198207,0.459,0.306,0.235
4.724235393694907,0.46,0.306,0.234
4.724378672275608,0.461,0.306,0.233
4.727226480207464,0.462,0.306,0.232
4.727545691539913,0.463,0.306,0.231
4.729131127091915,0.464,0.306,0.23
4.735477013253792,0.463,0.307,0.23
4.738855454328813,0.462,0.307,0.231
4.740150137540931,0.461,0.307,0.232
4.740667024637056,0.462,0.307,0.231
4.740701448236393,0.463,0.307,0.23
4.74113920715552,0.462,0.307,0.231
4.743813621228216,0.461,0.308,0.231
4.748912163755261,0.462,0.308,0.23
4.749554900724589,0.463,0.307,0.23
4.752596286986228,0.464,0.306,0.23
4.753906026634293,0.463,0.306,0.231
4.75463452554136,0.464,0.306,0.23
4.75958615439163,0.465,0.306,0.229
4.759613522090678,0.464,0.307,0.229
4.761237230799304,0.463,0.307,0.23
4.761335519752589,0.464,0.307,0.229
4.764507619467312,0.465,0.307,0.228
4.7645216057970154,0.464,0.307,0.229
4.765887053265105,0.465,0.307,0.228
4.76654334709392,0.464,0.307,0.229
4.768088866863274,0.463,0.308,0.229
4.773620103048114,0.464,0.308,0.228
4.773667797647941,0.465,0.308,0.227
4.7750081143220795,0.464,0.308,0.228
4.775971279615419,0.465,0.308,0.227
4.775997141260046,0.466,0.308,0.226
4.7810516892123225,0.467,0.308,0.225
4.78133915012435,0.468,0.308,0.224
4.784607069390378,0.467,0.308,0.225
4.786198831966797,0.466,0.308,0.226
4.786704791647555,0.467,0.308,0.225
4.7898187837574655,0.468,0.308,0.224
4.79136509451411,0.469,0.308,0.223
4.793474838269033,0.468,0.308,0.224
4.799813030632647,0.469,0.308,0.223
4.801625984931728,0.47,0.308,0.222
4.802418282665566,0.469,0.309,0.222
4.804503942536183,0.47,0.309,0.221
4.804794614868694,0.469,0.31,0.221
4.806817347832337,0.47,0.31,0.22
4.812355001550252,0.469,0.31,0.221
4.812831240491207,0.468,0.31,0.222
4.814751787641203,0.467,0.31,0.223
4.81889629778616,0.468,0.309,0.223
4.819546971980198,0.469,0.309,0.222
4.822464517032153,0.468,0.31,0.222
4.828359371766178,0.469,0.31,0.221
4.830545346651609,0.47,0.31,0.22
4.833536480014393,0.471,0.31,0.219
4.837611584161379,0.47,0.311,0.219
4.837627166472076,0.471,0.311,0.218
4.84827551312576,0.47,0.312,0.218
4.848490572823477,0.471,0.312,0.217
4.853067618763677,0.472,0.312,0.216
4.853387607593076,0.473,0.312,0.215
4.859547746335535,0.472,0.313,0.215
4.8606711619455165,0.473,0.312,0.215
4.861191173120633,0.474,0.312,0.214
4.868138832007868,0.475,0.312,0.213
4.868933482326621,0.476,0.312,0.212
4.870754933662599,0.475,0.312,0.213
4.872746243108313,0.474,0.313,0.213
4.87296783522327,0.473,0.314,0.213
4.8761323974602115,0.474,0.314,0.212
4.878424513651072,0.475,0.314,0.211
4.880698240090063,0.476,0.314,0.21
4.881174106393575,0.477,0.314,0.209
4.884935540361845,0.478,0.314,0.208
4.8859559094554745,0.477,0.315,0.208
4.887832315217478,0.478,0.315,0.207
4.887984835780946,0.479,0.315,0.206
4.892292814436111,0.48,0.315,0.205
4.895001540313615,0.481,0.315,0.204
4.895758465659621,0.482,0.315,0.203
4.900553288323427,0.483,0.315,0.202
4.903288026919903,0.484,0.315,0.201
4.903548011198555,0.483,0.316,0.201
4.903583087705863,0.482,0.317,0.201
4.904171983508422,0.483,0.317,0.2
4.907218448015936,0.484,0.317,0.199
4.908657493097578,0.485,0.317,0.198
4.910039266414775,0.486,0.317,0.197
4.910173719301276,0.487,0.317,0.196
4.914487293899035,0.488,0.317,0.195
4.915332548851706,0.489,0.317,0.194
4.917799047605071,0.49,0.316,0.194
4.920084666499591,0.489,0.317,0.194
4.92572420391863,0.488,0.318,0.194
4.929226501173356,0.487,0.319,0.194
4.929936870150732,0.488,0.319,0.193
4.930033901863384,0.489,0.319,0.192
4.930262278754121,0.49,0.318,0.192
4.931216784889099,0.491,0.318,0.191
4.933031229464757,0.492,0.318,0.19
4.93513214157082,0.493,0.318,0.189
4.937040183593835,0.494,0.318,0.188
4.939019786250675,0.495,0.318,0.187
4.939927533027517,0.496,0.318,0.186
4.940659192126175,0.495,0.319,0.186
4.942312478865202,0.496,0.319,0.185
4.942675284878745,0.497,0.319,0.184
4.942988322750602,0.498,0.319,0.183
4.943311010175372,0.499,0.319,0.182
4.94371761253373,0.498,0.32,0.182
4.945121114821642,0.499,0.32,0.181
4.9564099129709795,0.498,0.321,0.181
4.9566051422129025,0.497,0.322,0.181
4.957810026680191,0.496,0.323,0.181
4.958621997427731,0.495,0.323,0.182
4.958628420192882,0.494,0.324,0.182
4.96052022681026,0.495,0.323,0.182
4.960693927201949,0.494,0.323,0.183
4.961145734532096,0.495,0.323,0.182
4.962021614353652,0.496,0.323,0.181
4.962412868866103,0.497,0.323,0.18
4.979845990454103,0.498,0.323,0.179
4.979977413203328,0.497,0.324,0.179
4.982759176787092,0.498,0.323,0.179
4.989489766381722,0.499,0.323,0.178
4.990353340800209,0.498,0.324,0.178
4.993090509792967,0.499,0.324,0.177
4.993403882111278,0.498,0.324,0.178
4.996386049271286,0.499,0.324,0.177
5.000903142723101,0.498,0.325,0.177
5.00203676456274,0.499,0.325,0.176
5.002454338892718,0.5,0.325,0.175
5.0024570108046795,0.501,0.325,0.174
5.00569231220741,0.5,0.326,0.174
5.006251520154932,0.501,0.326,0.173
5.0065392111925275,0.502,0.325,0.173
5.008225825395747,0.501,0.326,0.173
5.010495395059696,0.502,0.326,0.172
5.013582489741184,0.501,0.327,0.172
