time,f0,f1,f2
0.0,1.0,0.0,0.0
0.0029551086031714556,0.999,0.0,0.001
0.01293876623562384,0.998,0.001,0.001
0.014706664961735392,0.997,0.002,0.001
0.020199791812899374,0.996,0.003,0.001
0.02104775946419923,0.995,0.003,0.002
0.023463814197140543,0.994,0.003,0.003
0.030556652308286286,0.993,0.004,0.003
0.03616367142648508,0.992,0.004,0.004
0.0418084878312642,0.991,0.004,0.005
0.04291652121660096,0.99,0.005,0.005
0.059144446912423335,0.989,0.006,0.005
0.059150878881153966,0.988,0.006,0.006
0.07007298156804224,0.987,0.006,0.007
0.07454244931697357,0.986,0.006,0.008
0.0758520975961263,0.985,0.007,0.008
0.08022413545009023,0.984,0.008,0.008
0.08244487427915491,0.983,0.009,0.008
0.0873232569267064,0.982,0.01,0.008
0.10119344543194422,0.981,0.01,0.009
0.11336561365247408,0.98,0.01,0.01
0.11829627537343422,0.979,0.01,0.011
0.11843050360729265,0.978,0.011,0.011
0.11929940852255343,0.977,0.011,0.012
0.12953133622866386,0.976,0.012,0.012
0.13030990328842276,0.975,0.012,0.013
0.13074670530148896,0.974,0.012,0.014
0.1424013042890858,0.973,0.013,0.014
0.15338353484947573,0.972,0.014,0.014
0.16241786897980867,0.971,0.014,0.015
0.1716052908057804,0.97,0.015,0.015
0.18508196900628254,0.969,0.016,0.015
0.197781099868948,0.968,0.016,0.016
0.20365847879733853,0.967,0.016,0.017
0.21160028869881004,0.966,0.016,0.018
0.22673753177859773,0.965,0.017,0.018
0.23306487193389816,0.964,0.018,0.018
0.2517404550867034,0.963,0.019,0.018
0.25485145723313546,0.962,0.019,0.019
0.25690198552631305,0.961,0.02,0.019
0.26201812480873404,0.96,0.021,0.019
0.2933791459082973,0.959,0.022,0.019
0.31496904005644943,0.958,0.023,0.019
0.31823823873134105,0.957,0.023,0.02
0.3217223247463713,0.956,0.023,0.021
0.32776016743942255,0.955,0.024,0.021
0.3372761289169252,0.954,0.024,0.022
0.3473592545050258,0.953,0.024,0.023
0.3565587020668682,0.952,0.025,0.023
0.3773664187401706,0.951,0.025,0.024
0.38129856045542415,0.95,0.026,0.024
0.38510230714697363,0.949,0.026,0.025
0.3859904063147151,0.948,0.027,0.025
0.38908363411873276,0.947,0.028,0.025
0.39674858903208454,0.946,0.029,0.025
0.4024706770297899,0.945,0.029,0.026
0.40928482658177495,0.944,0.03,0.026
0.4165899858515612,0.943,0.03,0.027
0.4309926729029331,0.942,0.031,0.027
0.4395739768672932,0.941,0.031,0.028
0.46400692736341304,0.94,0.032,0.028
0.46484846299334653,0.939,0.032,0.029
0.4653018364025282,0.938,0.032,0.03
0.4697881676054236,0.937,0.033,0.03
0.4747330897396857,0.936,0.033,0.031
0.48107059017969434,0.935,0.034,0.031
0.48755488228121285,0.934,0.035,0.031
0.4906205285313991,0.933,0.035,0.032
0.5046837798551498,0.932,0.036,0.032
0.5124203851865269,0.931,0.036,0.033
0.5162283258400345,0.932,0.035,0.033
0.5210246939280229,0.933,0.034,0.033
0.5236951956351162,0.932,0.034,0.034
0.5534565318362199,0.931,0.034,0.035
0.5649753372195313,0.93,0.034,0.036
0.5662658561771226,0.929,0.035,0.036
0.5698743587434524,0.928,0.036,0.036
0.5778054153055279,0.927,0.036,0.037
0.5824803846539554,0.926,0.036,0.038
0.5873385573902354,0.927,0.035,0.038
0.5926563785422649,0.926,0.035,0.039
0.5936922245832438,0.925,0.036,0.039
0.5947058054198338,0.924,0.037,0.039
0.6313812323392898,0.923,0.038,0.039
0.6339871051854951,0.922,0.038,0.04
0.6367536797512747,0.921,0.038,0.041
0.6369534733483606,0.92,0.038,0.042
0.6374915003159668,0.919,0.038,0.043
0.6394265594469174,0.918,0.039,0.043
0.6404497755935489,0.917,0.04,0.043
0.6499045049297479,0.916,0.041,0.043
0.6555858062550275,0.915,0.042,0.043
0.66685325213659,0.914,0.042,0.044
0.6731958823610774,0.913,0.042,0.045
0.6893304742957129,0.912,0.043,0.045
0.6901829164332856,0.911,0.043,0.046
0.6934869969160039,0.91,0.043,0.047
0.7115190771910762,0.909,0.044,0.047
0.716447535241206,0.908,0.044,0.048
0.7231776659969614,0.907,0.044,0.049
0.7301484879251179,0.906,0.044,0.05
0.7308024619334803,0.905,0.044,0.051
0.7384842473019313,0.904,0.045,0.051
0.7474037145675928,0.903,0.046,0.051
0.7539252977201416,0.902,0.046,0.052
0.7699355670032115,0.901,0.047,0.052
0.7732826136031937,0.9,0.048,0.052
0.7824981157772687,0.899,0.049,0.052
0.7834949845400093,0.898,0.049,0.053
0.7843878553394659,0.897,0.05,0.053
0.798464071195401,0.896,0.05,0.054
0.7998497377545063,0.895,0.051,0.054
0.8091426799855144,0.894,0.051,0.055
0.8232924089285111,0.893,0.052,0.055
0.8390312008615796,0.892,0.052,0.056
0.8491857643076971,0.891,0.052,0.057
0.8492637629535225,0.89,0.052,0.058
0.8531271819992107,0.889,0.052,0.059
0.8656950986133053,0.888,0.053,0.059
0.8698654019900375,0.887,0.054,0.059
0.8723364569437294,0.886,0.055,0.059
0.8750361829309572,0.885,0.055,0.06
0.8754825211873621,0.886,0.054,0.06
0.876157363769251,0.885,0.054,0.061
0.8768305876926336,0.884,0.054,0.062
0.8799561714233224,0.883,0.054,0.063
0.8826005355366038,0.882,0.055,0.063
0.8870539409691264,0.881,0.055,0.064
0.8873607588776717,0.88,0.055,0.065
0.9042234584191268,0.879,0.055,0.066
0.9180376439679601,0.878,0.056,0.066
0.9190881177991349,0.877,0.056,0.067
0.9267363103332512,0.876,0.056,0.068
0.9303673340097194,0.875,0.057,0.068
0.9359276194357445,0.874,0.058,0.068
0.9403364795186271,0.873,0.059,0.068
0.9452677181503026,0.872,0.059,0.069
0.9482024945039119,0.871,0.059,0.07
0.9491722800158322,0.87,0.06,0.07
0.9492510689953017,0.871,0.059,0.07
0.9523809811533297,0.87,0.06,0.07
0.9576660755558689,0.869,0.061,0.07
0.9702388190875939,0.868,0.062,0.07
0.9849033049777476,0.867,0.062,0.071
0.9883748279035901,0.866,0.063,0.071
0.989989136876033,0.865,0.063,0.072
0.9928421870943671,0.864,0.063,0.073
0.9984697286772308,0.863,0.064,0.073
0.9989094868063294,0.862,0.064,0.074
1.0009595121405053,0.861,0.065,0.074
1.0015173271664684,0.86,0.065,0.075
1.0030894149629177,0.859,0.066,0.075
1.0114640093542437,0.86,0.065,0.075
1.01195542220753,0.859,0.065,0.076
1.0203746767008817,0.858,0.066,0.076
1.0365046660633457,0.857,0.067,0.076
1.0413863254914209,0.856,0.068,0.076
1.0452299338626725,0.855,0.069,0.076
1.0560859676934873,0.854,0.07,0.076
1.056940718531796,0.853,0.07,0.077
1.059435167738983,0.852,0.071,0.077
1.0643362369467473,0.851,0.072,0.077
1.0681279401020534,0.85,0.073,0.077
1.0683983128962051,0.851,0.072,0.077
1.0735261207573765,0.85,0.073,0.077
1.0830707399396693,0.849,0.074,0.077
1.0831813637175924,0.848,0.074,0.078
1.0888525559275624,0.847,0.074,0.079
1.0934312171960956,0.846,0.074,0.08
1.1035866170199369,0.845,0.074,0.081
1.1038967566752618,0.844,0.075,0.081
1.1148582065179642,0.845,0.075,0.08
1.1165207376363133,0.844,0.076,0.08
1.1271536805074052,0.843,0.076,0.081
1.1413962253331775,0.842,0.076,0.082
1.1480835650728578,0.841,0.077,0.082
1.1513594249881187,0.84,0.077,0.083
1.1700863440832037,0.839,0.078,0.083
1.1720290476319182,0.838,0.078,0.084
1.1753880955157474,0.837,0.078,0.085
1.1793632459887735,0.836,0.079,0.085
1.181442001068772,0.837,0.078,0.085
1.184215922652425,0.836,0.078,0.086
1.1857189173274034,0.835,0.079,0.086
1.1869337380811098,0.834,0.08,0.086
1.1906152921638942,0.833,0.08,0.087
1.1969619202935176,0.832,0.081,0.087
1.1986838852207602,0.831,0.081,0.088
1.2026150870933578,0.83,0.081,0.089
1.2116842175967775,0.829,0.082,0.089
1.2167104572175227,0.828,0.082,0.09
1.2222086888056498,0.827,0.082,0.091
1.2318594888394623,0.826,0.082,0.092
1.2340263627502448,0.827,0.081,0.092
1.2407300228220608,0.826,0.082,0.092
1.25342019059554,0.825,0.082,0.093
1.253700846945021,0.824,0.083,0.093
1.2552443356872136,0.823,0.083,0.094
1.26093549011586,0.822,0.084,0.094
1.262932644682431,0.821,0.085,0.094
1.267855900809871,0.82,0.085,0.095
1.2700889501523431,0.819,0.085,0.096
1.2730294595044251,0.818,0.085,0.097
1.274926567302608,0.817,0.085,0.098
1.2889489491763821,0.816,0.086,0.098
1.2921114276090993,0.815,0.087,0.098
1.2935449280800304,0.814,0.088,0.098
1.3034038507302834,0.813,0.088,0.099
1.3061374945544764,0.814,0.088,0.098
1.3263122592017964,0.813,0.088,0.099
1.3347425805529918,0.814,0.087,0.099
1.336524445808654,0.815,0.086,0.099
1.3398481668637503,0.814,0.087,0.099
1.3433144834243167,0.813,0.087,0.1
1.3535567291203903,0.812,0.088,0.1
1.3643011825974654,0.811,0.088,0.101
1.3653862205739977,0.812,0.088,0.1
1.3681145054991732,0.811,0.088,0.101
1.3703321568079907,0.81,0.089,0.101
1.373525057520981,0.809,0.09,0.101
1.3764657399742941,0.808,0.091,0.101
1.3778836670894,0.807,0.092,0.101
1.3982007034911592,0.806,0.092,0.102
1.3998427287042305,0.805,0.092,0.103
1.406753817036396,0.804,0.093,0.103
1.4077860590293267,0.803,0.093,0.104
1.4083954909422292,0.802,0.094,0.104
1.4104707920373654,0.801,0.094,0.105
1.4111012052441403,0.802,0.093,0.105
1.4120440373757857,0.801,0.093,0.106
1.4130792752332666,0.8,0.094,0.106
1.4271618187529302,0.799,0.094,0.107
1.441156209821682,0.798,0.095,0.107
1.4413146916485928,0.797,0.095,0.108
1.44752060414283,0.798,0.094,0.108
1.4578588944489757,0.797,0.095,0.108
1.45916150493281,0.796,0.095,0.109
1.4623114964097441,0.795,0.096,0.109
1.4744675216312353,0.794,0.097,0.109
1.4749309134848732,0.793,0.098,0.109
1.477235862561161,0.792,0.099,0.109
1.4949426049949088,0.793,0.098,0.109
1.5014478051039568,0.792,0.099,0.109
1.5072266869479303,0.791,0.1,0.109
1.5233105773157136,0.79,0.1,0.11
1.5297153918641349,0.789,0.1,0.111
1.5307980644263282,0.788,0.101,0.111
1.540355720410785,0.787,0.101,0.112
1.5441270416461335,0.786,0.101,0.113
1.5474999521046697,0.787,0.1,0.113
1.5561559264946057,0.786,0.101,0.113
1.5582225130629699,0.785,0.102,0.113
1.5682347870360123,0.786,0.102,0.112
1.5780376102253428,0.785,0.102,0.113
1.5888658962244402,0.784,0.102,0.114
1.5939991091279078,0.783,0.103,0.114
1.6146119868288114,0.782,0.104,0.114
1.6249858024645334,0.781,0.105,0.114
1.627813941193517,0.78,0.106,0.114
1.6337465027042326,0.779,0.107,0.114
1.6353615928860645,0.778,0.108,0.114
1.6385240810196489,0.777,0.109,0.114
1.640743914619052,0.776,0.109,0.115
1.659167136280834,0.775,0.109,0.116
1.6673923963276738,0.774,0.11,0.116
1.6816533267779934,0.775,0.11,0.115
1.6854559354566259,0.774,0.111,0.115
1.6916375136188468,0.773,0.112,0.115
1.6950263316028378,0.772,0.112,0.116
1.7118595617219876,0.771,0.113,0.116
1.7138046394295046,0.77,0.113,0.117
1.7178590439258712,0.769,0.113,0.118
1.719658159306298,0.77,0.112,0.118
1.7222333048314404,0.769,0.112,0.119
1.724198772953525,0.77,0.111,0.119
1.7353690863825395,0.771,0.11,0.119
1.7358112397635994,0.77,0.11,0.12
1.7391669964184893,0.769,0.111,0.12
1.7421169890533919,0.768,0.112,0.12
1.747410238507331,0.767,0.113,0.12
1.7588464945630808,0.766,0.113,0.121
1.762417042593467,0.765,0.113,0.122
1.7699149874153837,0.764,0.113,0.123
1.7731180518467053,0.763,0.114,0.123
1.7732089774601125,0.762,0.114,0.124
1.7827732093020834,0.761,0.115,0.124
1.7843977105074849,0.76,0.116,0.124
1.785028669557407,0.759,0.116,0.125
1.7878006758833473,0.758,0.117,0.125
1.7895293185800007,0.757,0.118,0.125
1.797406935177488,0.756,0.118,0.126
1.7990285772827586,0.755,0.118,0.127
1.806501927199429,0.756,0.117,0.127
1.80690292177587,0.755,0.117,0.128
1.8094687207531936,0.754,0.117,0.129
1.812077689629118,0.753,0.117,0.13
1.815468866299776,0.752,0.118,0.13
1.816197082111175,0.751,0.119,0.13
1.816872129248921,0.75,0.119,0.131
1.8205353196574827,0.749,0.12,0.131
1.8334389031505245,0.75,0.119,0.131
1.8395989955413226,0.749,0.119,0.132
1.8459311467386936,0.748,0.119,0.133
1.8516056418811864,0.747,0.119,0.134
1.8518823622843197,0.746,0.12,0.134
1.8582559222438726,0.745,0.121,0.134
1.8675969077515153,0.744,0.121,0.135
1.8691606693666245,0.743,0.121,0.136
1.8696434692276336,0.742,0.121,0.137
1.8710330910459116,0.741,0.121,0.138
1.874922506296407,0.74,0.121,0.139
1.8952375836568212,0.739,0.122,0.139
1.8982370121996186,0.738,0.123,0.139
1.8983014448918483,0.737,0.124,0.139
1.9001105074849693,0.738,0.124,0.138
1.902667161114055,0.737,0.124,0.139
1.9055818603300592,0.736,0.125,0.139
1.9090062477694323,0.737,0.124,0.139
1.9147179441700346,0.736,0.125,0.139
1.9155959505819045,0.735,0.125,0.14
1.9163155769220024,0.734,0.126,0.14
1.9285476955054734,0.733,0.126,0.141
1.93217322692717,0.732,0.127,0.141
1.9437879592264753,0.733,0.127,0.14
1.9521602779395266,0.732,0.128,0.14
1.9631060845807136,0.731,0.129,0.14
1.964738164489682,0.73,0.129,0.141
1.9683474394578881,0.731,0.128,0.141
1.9887973986207466,0.73,0.128,0.142
1.9895359251352325,0.729,0.128,0.143
1.9915664479191622,0.728,0.129,0.143
1.9951895966363442,0.729,0.128,0.143
1.9959156873049497,0.728,0.129,0.143
2.000239513863787,0.727,0.13,0.143
2.0025370890118617,0.726,0.13,0.144
2.0047490018550875,0.725,0.13,0.145
2.009205756002316,0.724,0.13,0.146
2.015055684454153,0.723,0.131,0.146
2.017860540231325,0.722,0.132,0.146
2.020414279718004,0.721,0.133,0.146
2.0241043379837325,0.72,0.133,0.147
2.0246568405119385,0.719,0.134,0.147
2.0269053557649603,0.718,0.134,0.148
2.0326467295933948,0.717,0.134,0.149
2.0387795115983973,0.716,0.134,0.15
2.044517891536012,0.715,0.135,0.15
2.04824830155821,0.714,0.136,0.15
2.0598371767465253,0.715,0.136,0.149
2.0598670301747593,0.714,0.136,0.15
2.0606815588045597,0.713,0.136,0.151
2.0613230369952253,0.712,0.137,0.151
2.064099240727217,0.711,0.138,0.151
2.0701194766719047,0.71,0.138,0.152
2.070201987803401,0.709,0.138,0.153
2.072466630113715,0.71,0.137,0.153
2.081397292030745,0.709,0.137,0.154
2.087142980133554,0.708,0.138,0.154
2.0872028596885452,0.707,0.138,0.155
2.087596903056506,0.706,0.139,0.155
2.0899537536733477,0.705,0.14,0.155
2.092441375171174,0.704,0.141,0.155
2.092602381591486,0.703,0.142,0.155
2.0995877322910323,0.704,0.141,0.155
2.1108739725909373,0.703,0.142,0.155
2.1194413639087095,0.702,0.142,0.156
2.1265336960157075,0.701,0.143,0.156
2.1369376623934624,0.702,0.143,0.155
2.140441638163798,0.701,0.143,0.156
2.1444534635975625,0.7,0.143,0.157
2.148680546924986,0.699,0.144,0.157
2.149963745672035,0.698,0.145,0.157
2.1506194242803214,0.697,0.145,0.158
2.155581181700236,0.698,0.144,0.158
2.1612035193365675,0.697,0.144,0.159
2.1716248110989453,0.698,0.143,0.159
2.173403032616272,0.697,0.143,0.16
2.174138116743151,0.698,0.143,0.159
2.1742595945748677,0.699,0.142,0.159
2.175909000686012,0.698,0.142,0.16
2.178328196594962,0.699,0.141,0.16
2.1864945361366637,0.698,0.142,0.16
2.18957016854973,0.699,0.142,0.159
2.190697911512111,0.698,0.142,0.16
2.2122830780084235,0.697,0.143,0.16
2.222742641178486,0.696,0.143,0.161
2.2244092427933486,0.697,0.142,0.161
2.2266039137927076,0.696,0.143,0.161
2.234787698956258,0.695,0.143,0.162
2.2513461621255555,0.694,0.144,0.162
2.2606047870324337,0.693,0.145,0.162
2.2633586736227453,0.692,0.146,0.162
2.264495670743511,0.691,0.146,0.163
2.266573499924719,0.69,0.146,0.164
2.267464809115668,0.689,0.147,0.164
2.2676195594001385,0.69,0.147,0.163
2.2718999939755187,0.689,0.147,0.164
2.275271397467483,0.688,0.147,0.165
2.2772225045593366,0.687,0.148,0.165
2.282046941955571,0.686,0.148,0.166
2.2969419114133705,0.687,0.148,0.165
2.300499494845418,0.686,0.148,0.166
2.301747253932152,0.685,0.148,0.167
2.3018387664731783,0.684,0.148,0.168
2.302829970069729,0.685,0.148,0.167
2.3262273469856134,0.684,0.148,0.168
2.3314945529577167,0.683,0.148,0.169
2.3342585031842713,0.682,0.149,0.169
2.3393719075377755,0.681,0.15,0.169
2.344795494051358,0.68,0.151,0.169
2.3453331380778715,0.679,0.152,0.169
2.370476806687162,0.678,0.153,0.169
2.3732269745018377,0.677,0.153,0.17
2.376411750030247,0.676,0.153,0.171
2.376780887082766,0.675,0.153,0.172
2.3805577582747097,0.676,0.152,0.172
2.3806864235379646,0.675,0.152,0.173
2.382677181619696,0.676,0.152,0.172
2.382696212308446,0.675,0.153,0.172
2.387760240663992,0.674,0.154,0.172
2.390381323365997,0.673,0.155,0.172
2.3917529198728498,0.672,0.156,0.172
2.402450554788087,0.671,0.157,0.172
2.4030727008090444,0.67,0.157,0.173
2.4043708811738433,0.669,0.158,0.173
2.4142571619564293,0.668,0.158,0.174
2.418253263410189,0.667,0.158,0.175
2.441742282878444,0.666,0.159,0.175
2.4427813233052267,0.665,0.16,0.175
2.444932357157313,0.664,0.161,0.175
2.4470259197124626,0.663,0.161,0.176
2.450740219455723,0.662,0.161,0.177
2.4674670786846113,0.663,0.161,0.176
2.4710242831231235,0.662,0.162,0.176
2.4730958204858884,0.661,0.162,0.177
2.4923604423644385,0.66,0.162,0.178
2.5039166960349846,0.659,0.162,0.179
2.514143796357919,0.658,0.162,0.18
2.5186083059259583,0.657,0.162,0.181
2.5339494854883866,0.656,0.162,0.182
2.5544823010871087,0.655,0.162,0.183
2.5628776101476936,0.656,0.161,0.183
2.563705185789871,0.655,0.162,0.183
2.574254890519464,0.654,0.162,0.184
2.5755184534579745,0.653,0.163,0.184
2.5763785457447947,0.652,0.163,0.185
2.5765930973541398,0.651,0.164,0.185
2.578043892138064,0.65,0.164,0.186
2.5862328532285277,0.649,0.164,0.187
2.601097648793406,0.648,0.165,0.187
2.602492298921922,0.649,0.164,0.187
2.61486434478897,0.648,0.164,0.188
2.626250663927682,0.647,0.164,0.189
2.6265180050797463,0.646,0.165,0.189
2.627110302502481,0.647,0.164,0.189
2.6302256039721734,0.646,0.164,0.19
2.636468949347687,0.645,0.164,0.191
2.6469731425865204,0.644,0.164,0.192
2.6502838473606154,0.643,0.164,0.193
2.650612516877439,0.642,0.164,0.194
2.6600842776026217,0.641,0.164,0.195
2.6802498125984195,0.642,0.164,0.194
2.6805699679039168,0.641,0.164,0.195
2.687368184463734,0.64,0.164,0.196
2.6893446899234217,0.639,0.164,0.197
2.6970765017506544,0.638,0.164,0.198
2.6981931125841436,0.639,0.164,0.197
2.7168222983918193,0.64,0.164,0.196
2.7171714519091763,0.639,0.164,0.197
2.7267113113890447,0.638,0.164,0.198
2.7274708599453525,0.639,0.163,0.198
2.7354145259833036,0.638,0.163,0.199
2.7401894101393367,0.639,0.163,0.198
2.7423231426263412,0.638,0.163,0.199
2.743083967131348,0.639,0.162,0.199
2.749517346750523,0.64,0.161,0.199
2.7510863516619906,0.639,0.162,0.199
2.7561787894399488,0.64,0.161,0.199
2.7599472465118344,0.639,0.162,0.199
2.762149735234589,0.64,0.161,0.199
2.7630629078047675,0.639,0.162,0.199
2.7717111937541286,0.638,0.162,0.2
2.7880199295196557,0.637,0.162,0.201
2.7926501361645113,0.636,0.163,0.201
2.801311349689364,0.635,0.163,0.202
2.8016939985355447,0.636,0.162,0.202
2.8043405754930597,0.635,0.162,0.203
2.8070282999438168,0.634,0.163,0.203
2.8126386945474917,0.633,0.164,0.203
2.8143914273835575,0.634,0.164,0.202
2.814818157385649,0.633,0.164,0.203
2.816766046243884,0.632,0.164,0.204
2.8256803354236077,0.631,0.164,0.205
2.8291896779908425,0.63,0.165,0.205
2.830837456414127,0.631,0.164,0.205
2.834978110486926,0.63,0.164,0.206
2.839540761484578,0.629,0.164,0.207
2.84162537663268,0.628,0.165,0.207
2.8431913967925877,0.627,0.166,0.207
2.8566257307184206,0.628,0.165,0.207
2.8583268830611552,0.627,0.166,0.207
2.8596191578439467,0.626,0.166,0.208
2.8636450742829473,0.625,0.166,0.209
2.8681317648151476,0.624,0.166,0.21
2.8683479631260473,0.625,0.165,0.21
2.872723403539977,0.624,0.166,0.21
2.8730686964796974,0.623,0.167,0.21
2.877653200959496,0.622,0.168,0.21
2.8877914282685655,0.623,0.167,0.21
2.8929727103899374,0.622,0.167,0.211
2.8977660664649063,0.621,0.168,0.211
2.898849537683983,0.622,0.167,0.211
2.9110705607330245,0.621,0.167,0.212
2.91208616261343,0.62,0.167,0.213
2.912116148118239,0.619,0.167,0.214
2.9167522167095212,0.618,0.167,0.215
2.9170481916266753,0.617,0.167,0.216
2.920914799349781,0.616,0.167,0.217
2.9422405053484546,0.617,0.167,0.216
2.94789461677295,0.618,0.167,0.215
2.9571837621029373,0.617,0.167,0.216
2.9591583806265866,0.616,0.167,0.217
2.976543888512229,0.617,0.167,0.216
2.9769349395270077,0.616,0.168,0.216
2.9802087323913438,0.615,0.169,0.216
2.98877585488931,0.616,0.169,0.215
2.989941425151795,0.615,0.17,0.215
2.999231452807,0.614,0.171,0.215
3.002125642203738,0.613,0.171,0.216
3.009908705994652,0.612,0.171,0.217
3.012923000813032,0.611,0.171,0.218
3.022873786293436,0.61,0.171,0.219
3.0241686889793504,0.609,0.172,0.219
3.0248536143440683,0.61,0.172,0.218
3.029167331780404,0.609,0.172,0.219
3.0296322760853,0.608,0.173,0.219
3.032655509885257,0.609,0.172,0.219
3.0372654691572816,0.608,0.172,0.22
3.0394303900187363,0.607,0.173,0.22
3.04901965833302,0.606,0.173,0.221
3.0505257920114146,0.605,0.174,0.221
3.053044301354008,0.604,0.174,0.222
3.0540323128140514,0.603,0.174,0.223
3.058178416609231,0.604,0.173,0.223
3.073595807506811,0.603,0.173,0.224
3.0788264694786047,0.602,0.173,0.225
3.0789172872948627,0.601,0.173,0.226
3.0949647004160874,0.602,0.173,0.225
3.096100849185817,0.603,0.172,0.225
3.0990451973344486,0.602,0.172,0.226
3.100606792515732,0.601,0.173,0.226
3.1102657687677384,0.6,0.174,0.226
3.1265989928388374,0.601,0.173,0.226
3.141907165686412,0.602,0.172,0.226
3.15429436087413,0.601,0.172,0.227
3.157583303757611,0.6,0.172,0.228
3.1637879959133586,0.599,0.173,0.228
3.167818489902882,0.598,0.174,0.228
3.1679842069762914,0.597,0.175,0.228
3.1707971217352258,0.596,0.176,0.228
3.1767494030064563,0.597,0.176,0.227
3.177515236641843,0.598,0.176,0.226
3.183759649487435,0.597,0.176,0.227
3.184641976345568,0.596,0.177,0.227
3.1857303082638087,0.595,0.177,0.228
3.191814166998234,0.594,0.177,0.229
3.2053538936593733,0.593,0.177,0.23
3.225795219385556,0.594,0.177,0.229
3.2311037991079883,0.593,0.177,0.23
3.23987680163951,0.592,0.177,0.231
3.2427427228446923,0.591,0.178,0.231
3.2493074791081673,0.592,0.178,0.23
3.2528380741611183,0.591,0.179,0.23
3.253722089415553,0.59,0.18,0.23
3.2607090562026864,0.589,0.181,0.23
3.2643093727773627,0.588,0.181,0.231
3.266045707100694,0.587,0.181,0.232
3.2707261446445797,0.586,0.182,0.232
3.2785276735677256,0.585,0.183,0.232
3.283465508860533,0.584,0.183,0.233
3.2898364661266486,0.583,0.183,0.234
3.290509292394385,0.582,0.184,0.234
3.306865613163972,0.581,0.184,0.235
3.3070620881249555,0.58,0.185,0.235
3.3112278233914862,0.579,0.186,0.235
3.3113358138677147,0.578,0.186,0.236
3.3168457246239558,0.577,0.186,0.237
3.3203633987847714,0.576,0.186,0.238
3.3252890382937212,0.575,0.187,0.238
3.331763933536237,0.574,0.188,0.238
3.334147063653329,0.573,0.188,0.239
3.33501169893606,0.572,0.188,0.24
3.3396362886229474,0.571,0.189,0.24
3.3398050179876106,0.57,0.189,0.241
3.350798826954891,0.569,0.189,0.242
3.351279645069138,0.57,0.189,0.241
3.356364492413339,0.569,0.189,0.242
3.3864770955481696,0.57,0.189,0.241
3.393022353512117,0.571,0.189,0.24
3.4044195924384444,0.57,0.19,0.24
3.4068968950229697,0.569,0.19,0.241
3.4100252770169655,0.568,0.19,0.242
3.4209428904216503,0.567,0.19,0.243
3.422317158194603,0.566,0.191,0.243
3.423563108877599,0.565,0.192,0.243
3.4367976092825154,0.564,0.193,0.243
3.4454967055419052,0.563,0.194,0.243
3.4628164109158934,0.564,0.193,0.243
3.4642253476125693,0.563,0.193,0.244
3.465629466320173,0.564,0.193,0.243
3.4667241960639936,0.563,0.193,0.244
3.474687604421607,0.562,0.193,0.245
3.475248451741999,0.561,0.193,0.246
3.478211365288165,0.56,0.194,0.246
3.4856021708442015,0.559,0.194,0.247
3.487342727431679,0.558,0.195,0.247
3.4913610657250684,0.557,0.196,0.247
3.4934269928257624,0.558,0.196,0.246
3.4949938096076125,0.557,0.196,0.247
3.5106690958503934,0.558,0.195,0.247
3.5267701920811767,0.557,0.195,0.248
3.5282427408290014,0.556,0.195,0.249
3.5375922816231182,0.555,0.196,0.249
3.5439854140681493,0.554,0.197,0.249
3.5497721407223715,0.555,0.196,0.249
3.5512452606737326,0.556,0.196,0.248
3.5523328767026525,0.555,0.197,0.248
3.557583293511985,0.554,0.198,0.248
3.5579489056280376,0.555,0.197,0.248
3.558045505594231,0.554,0.198,0.248
3.55858568318438,0.553,0.198,0.249
3.563204567285158,0.552,0.199,0.249
3.5670931559930663,0.551,0.2,0.249
3.5767623294411317,0.55,0.2,0.25
3.577007102230928,0.549,0.2,0.251
3.5963270647220167,0.548,0.201,0.251
3.6028753237750535,0.547,0.201,0.252
3.6110955724656324,0.546,0.201,0.253
3.6164992400067724,0.545,0.201,0.254
3.639383214593245,0.544,0.202,0.254
3.6399870547081097,0.543,0.203,0.254
3.6450438895431083,0.542,0.203,0.255
3.6489422027200513,0.541,0.203,0.256
3.6536424772476668,0.542,0.203,0.255
3.6624654009385424,0.543,0.202,0.255
3.6660499923412853,0.542,0.203,0.255
3.669747575397791,0.543,0.203,0.254
3.670524981010961,0.544,0.203,0.253
3.671485752368802,0.543,0.204,0.253
3.6777740566076638,0.542,0.205,0.253
3.6782876000605906,0.541,0.206,0.253
3.6790429982333817,0.54,0.206,0.254
3.6793818153845974,0.541,0.205,0.254
3.6822826685678893,0.54,0.206,0.254
3.6834912487033242,0.539,0.207,0.254
3.6919267040409993,0.538,0.208,0.254
3.691934901523481,0.537,0.208,0.255
3.698075101146767,0.536,0.209,0.255
3.7019623013125655,0.537,0.208,0.255
3.7041944969712253,0.536,0.208,0.256
3.709838718171961,0.535,0.208,0.257
3.714060866926694,0.534,0.209,0.257
3.720942744659903,0.533,0.21,0.257
3.724028226785155,0.532,0.21,0.258
3.730477962203311,0.531,0.211,0.258
3.7315628390802504,0.53,0.211,0.259
3.7328228314506546,0.529,0.211,0.26
3.734722916652897,0.528,0.212,0.26
3.7375853475467196,0.529,0.211,0.26
3.7384472542559726,0.53,0.21,0.26
3.739430320371298,0.529,0.211,0.26
3.7403028682046338,0.53,0.211,0.259
3.7479045980999497,0.529,0.212,0.259
3.755177828469495,0.528,0.213,0.259
3.765446222436901,0.529,0.212,0.259
3.768041355386462,0.528,0.213,0.259
3.7692770344737943,0.527,0.213,0.26
3.7710287840153702,0.526,0.213,0.261
3.779970762378032,0.527,0.213,0.26
3.791043719554091,0.526,0.214,0.26
3.7916234126631436,0.525,0.214,0.261
3.799843145228689,0.524,0.214,0.262
3.8006914745465075,0.525,0.214,0.261
3.801393303548137,0.524,0.215,0.261
3.802842172457636,0.523,0.216,0.261
3.8067727156283513,0.522,0.217,0.261
3.8068369814639076,0.521,0.217,0.262
3.8136728847998667,0.52,0.218,0.262
3.8360536777951935,0.519,0.218,0.263
3.8372551923709053,0.518,0.218,0.264
3.841279758105612,0.519,0.217,0.264
3.842586538665828,0.518,0.217,0.265
3.8449728585356726,0.517,0.218,0.265
3.846206338732208,0.516,0.218,0.266
3.850635055173838,0.515,0.218,0.267
3.8536910604750974,0.514,0.218,0.268
3.854757755840194,0.513,0.218,0.269
3.855757372724163,0.514,0.218,0.268
3.8636434924268253,0.515,0.218,0.267
3.8678074531369857,0.514,0.218,0.268
3.868100185499027,0.513,0.218,0.269
3.8690159800138297,0.512,0.218,0.27
3.8739383033624386,0.511,0.218,0.271
3.878045375572657,0.512,0.218,0.27
3.8798617239058277,0.511,0.219,0.27
3.8833665741707923,0.51,0.219,0.271
3.885221702103113,0.509,0.219,0.272
3.8866852947741113,0.508,0.22,0.272
3.8958847802013383,0.507,0.221,0.272
3.9074254673558144,0.506,0.221,0.273
3.915109477654056,0.505,0.221,0.274
3.928205900932515,0.504,0.221,0.275
3.930802516919294,0.503,0.221,0.276
3.936501484020195,0.504,0.221,0.275
3.9374280496334797,0.503,0.221,0.276
3.9391860121255124,0.502,0.221,0.277
3.9478189644281243,0.501,0.221,0.278
3.9481488577966792,0.502,0.22,0.278
3.9502435029210994,0.501,0.22,0.279
3.9554646222418617,0.502,0.219,0.279
3.9572359772116745,0.503,0.218,0.279
3.958794963877955,0.504,0.218,0.278
3.981785782516872,0.503,0.218,0.279
3.983750758845413,0.502,0.219,0.279
3.984884808504449,0.501,0.219,0.28
3.987496391018253,0.5,0.22,0.28
3.992182915544288,0.501,0.219,0.28
3.996304702298631,0.5,0.219,0.281
3.9977944512736916,0.501,0.218,0.281
3.9979823624334827,0.5,0.218,0.282
4.008147948025258,0.501,0.218,0.281
4.011084222938927,0.5,0.219,0.281
4.012806749785915,0.501,0.219,0.28
4.013694836753178,0.5,0.22,0.28
4.019345404471777,0.499,0.22,0.281
4.033395911828898,0.498,0.22,0.282
4.038139610619388,0.499,0.219,0.282
4.040621988727114,0.498,0.219,0.283
4.04562485092152,0.499,0.219,0.282
4.0485432439630245,0.498,0.219,0.283
4.05420813691818,0.499,0.218,0.283
4.055993612791974,0.5,0.217,0.283
4.06167009112444,0.499,0.218,0.283
4.062049775089691,0.5,0.218,0.282
4.063637383655157,0.501,0.217,0.282
4.066678942412679,0.5,0.217,0.283
4.070718078371328,0.499,0.218,0.283
4.076630637793914,0.498,0.219,0.283
4.078833082180518,0.497,0.22,0.283
4.079240604156165,0.498,0.219,0.283
4.0847296799579595,0.497,0.219,0.284
4.086910697393323,0.496,0.22,0.284
4.105229676719277,0.495,0.22,0.285
4.1057384693386805,0.494,0.221,0.285
4.106924448035262,0.495,0.221,0.284
4.111367761322126,0.496,0.221,0.283
4.13035616711618,0.497,0.221,0.282
4.14290552320305,0.496,0.222,0.282
4.144836407955344,0.495,0.222,0.283
4.150845137426999,0.494,0.222,0.284
4.150934317657721,0.493,0.223,0.284
4.155240545808522,0.492,0.224,0.284
4.157848085812722,0.491,0.224,0.285
4.168135568067915,0.492,0.224,0.284
4.171320964675606,0.491,0.224,0.285
4.187870158227303,0.49,0.225,0.285
4.188430341614412,0.489,0.225,0.286
4.194529866769103,0.488,0.226,0.286
4.1997993224101515,0.489,0.225,0.286
4.2055649142797344,0.49,0.224,0.286
4.22361817807628,0.489,0.224,0.287
4.226819529826064,0.488,0.225,0.287
4.22854779930452,0.487,0.225,0.288
4.233862561428537,0.486,0.225,0.289
4.2339426549640455,0.487,0.225,0.288
4.253389726252485,0.488,0.224,0.288
4.264884756406006,0.489,0.223,0.288
4.269554990044567,0.488,0.223,0.289
4.271022908715471,0.487,0.224,0.289
4.275979612453893,0.486,0.225,0.289
4.27690090940075,0.485,0.225,0.29
4.285946941199802,0.484,0.225,0.291
4.286119799673907,0.483,0.225,0.292
4.293506625201347,0.482,0.225,0.293
4.294044641892903,0.481,0.226,0.293
4.300698481054087,0.48,0.226,0.294
4.301675047185645,0.479,0.226,0.295
4.303613587222206,0.478,0.226,0.296
4.30511593759653,0.479,0.226,0.295
4.311971280216862,0.48,0.226,0.294
4.318600708344503,0.479,0.227,0.294
4.320838594084951,0.48,0.227,0.293
4.322145256058989,0.479,0.227,0.294
4.339283710120367,0.478,0.227,0.295
4.3437713674001825,0.477,0.227,0.296
4.346006171149848,0.476,0.227,0.297
4.357744171778212,0.477,0.226,0.297
4.359256143428619,0.476,0.226,0.298
4.362530630595097,0.475,0.226,0.299
4.362837132229243,0.476,0.225,0.299
4.370781888633283,0.477,0.224,0.299
4.37310186883986,0.478,0.223,0.299
4.374158322838639,0.479,0.222,0.299
4.37503824323674,0.48,0.221,0.299
4.377506593266613,0.481,0.22,0.299
4.380836894251726,0.482,0.219,0.299
4.382541091826794,0.483,0.218,0.299
4.384338147155744,0.482,0.218,0.3
4.389687726727846,0.483,0.217,0.3
4.39304304573136,0.484,0.216,0.3
4.394710187115375,0.485,0.215,0.3
4.39475710920399,0.484,0.215,0.301
4.3973283611757985,0.483,0.216,0.301
4.397786427567561,0.482,0.217,0.301
4.404355424952754,0.483,0.217,0.3
4.405845296293001,0.484,0.216,0.3
4.411421580868079,0.485,0.216,0.299
4.415384623787118,0.484,0.217,0.299
4.4168414088322505,0.485,0.216,0.299
4.417447445718182,0.486,0.216,0.298
4.419731662686479,0.485,0.217,0.298
4.421461021227504,0.484,0.217,0.299
4.433521648110589,0.485,0.217,0.298
4.435197767846271,0.486,0.216,0.298
4.442064894403151,0.485,0.217,0.298
4.44355021188195,0.486,0.216,0.298
4.44967160311503,0.487,0.215,0.298
4.455098908257772,0.488,0.215,0.297
4.457519805413319,0.489,0.214,0.297
4.458124619144087,0.488,0.214,0.298
4.459686046532871,0.489,0.214,0.297
4.466858674610856,0.49,0.214,0.296
4.4714078175789,0.489,0.214,0.297
4.4725052060022445,0.488,0.214,0.298
4.478836815483095,0.489,0.213,0.298
4.494013032274601,0.488,0.214,0.298
4.506236092402196,0.487,0.214,0.299
4.506701758878125,0.486,0.214,0.3
4.5076705304802465,0.487,0.214,0.299
4.508458905379082,0.486,0.215,0.299
4.510257679811651,0.485,0.216,0.299
4.510268572629369,0.484,0.216,0.3
4.511857741451093,0.483,0.216,0.301
4.514389021642453,0.482,0.217,0.301
4.515855952495605,0.481,0.218,0.301
4.524621706364215,0.482,0.217,0.301
4.528582297020514,0.481,0.217,0.302
4.532486546208784,0.482,0.217,0.301
4.533281240333068,0.483,0.216,0.301
4.540863097791894,0.484,0.215,0.301
4.540909462822774,0.483,0.216,0.301
4.540975904726035,0.484,0.215,0.301
4.54202729903505,0.485,0.215,0.3
4.544980064460041,0.486,0.214,0.3
4.548023942689263,0.487,0.213,0.3
4.551648134582746,0.486,0.214,0.3
4.552544730084877,0.485,0.215,0.3
4.565824690497796,0.484,0.215,0.301
4.573344527414412,0.485,0.215,0.3
4.57482899040395,0.486,0.215,0.299
4.577508027420627,0.485,0.215,0.3
4.578094067256841,0.486,0.214,0.3
4.579958916217001,0.487,0.213,0.3
4.581618955653628,0.488,0.213,0.299
4.584070967777502,0.487,0.213,0.3
4.584207408210858,0.488,0.213,0.299
4.5909027403665945,0.489,0.212,0.299
4.607855516894562,0.488,0.212,0.3
4.609248430634012,0.489,0.211,0.3
4.611833209965796,0.488,0.212,0.3
4.613248636874657,0.487,0.212,0.301
4.616007925297854,0.488,0.211,0.301
4.621625033822211,0.487,0.211,0.302
4.632519958069497,0.486,0.211,0.303
4.6342799490163715,0.487,0.21,0.303
4.6351888421016865,0.488,0.209,0.303
4.635213742501814,0.489,0.208,0.303
4.645724483345265,0.49,0.207,0.303
4.648488210999214,0.491,0.206,0.303
4.649152954906316,0.492,0.205,0.303
4.651494122524527,0.491,0.206,0.303
4.6574660470438864,0.49,0.207,0.303
4.6576539725604365,0.491,0.206,0.303
4.665364967666314,0.49,0.206,0.304
4.665629897256822,0.489,0.206,0.305
4.665850986403225,0.49,0.205,0.305
4.668811162264896,0.491,0.205,0.304
4.671522763995596,0.492,0.204,0.304
4.673181352875468,0.491,0.204,0.305
4.673953848147668,0.492,0.203,0.305
4.674782418751155,0.493,0.202,0.305
4.682344013602897,0.494,0.201,0.305
4.684869807093974,0.495,0.2,0.305
4.685141169091554,0.494,0.2,0.306
4.687591776484517,0.493,0.2,0.307
4.693941530072022,0.492,0.201,0.307
4.69434399563972,0.493,0.2,0.307
4.695925012239566,0.492,0.2,0.308
4.696920511116625,0.493,0.199,0.308
4.699288716158439,0.494,0.198,0.308
4.7002997002419855,0.495,0.198,0.307
4.700511559956466,0.496,0.197,0.307
4.7016371202155876,0.495,0.197,0.308
4.702259905821833,0.494,0.198,0.308
4.702763554898142,0.495,0.197,0.308
4.705181108456284,0.496,0.196,0.308
4.707982461570862,0.497,0.196,0.307
4.719393466268896,0.498,0.195,0.307
4.722880372005574,0.497,0.195,0.308
4.731493377597535,0.498,0.194,0.308
4.731962767120103,0.499,0.193,0.308
4.732715930059149,0.5,0.192,0.308
4.740575468915929,0.501,0.191,0.308
4.747032904449645,0.5,0.192,0.308
4.751081297188697,0.501,0.191,0.308
4.7550837107899975,0.502,0.191,0.307
4.758389456111766,0.501,0.191,0.308
4.76064263209553,0.5,0.191,0.309
4.763404670809641,0.499,0.192,0.309
4.764657618240788,0.498,0.193,0.309
4.7669408544702625,0.499,0.192,0.309
4.767275058664401,0.5,0.191,0.309
4.770537816342726,0.501,0.19,0.309
4.774997714491376,0.5,0.191,0.309
4.775835851555237,0.501,0.19,0.309
4.777638670217595,0.502,0.189,0.309
4.785936931528853,0.503,0.188,0.309
4.786298042344702,0.504,0.187,0.309
4.79065548051438,0.505,0.187,0.308
4.791734560915088,0.504,0.188,0.308
4.791931799021234,0.503,0.188,0.309
4.7932278888096365,0.504,0.188,0.308
4.793521371996812,0.503,0.188,0.309
4.799780894427216,0.504,0.187,0.309
4.806300561469873,0.505,0.186,0.309
4.807209575148739,0.506,0.185,0.309
4.811329586677173,0.507,0.184,0.309
4.818511568383388,0.508,0.183,0.309
4.823322357300525,0.509,0.182,0.309
4.830179582272105,0.51,0.181,0.309
4.832626626509725,0.509,0.182,0.309
4.83454932363707,0.51,0.181,0.309
4.835207806782654,0.511,0.18,0.309
4.839274368586445,0.51,0.18,0.31
4.839984747308648,0.511,0.179,0.31
4.840039768222425,0.512,0.178,0.31
4.842131101789619,0.511,0.179,0.31
4.847683944667547,0.512,0.178,0.31
4.847997380980703,0.513,0.177,0.31
4.848214802480177,0.512,0.177,0.311
4.84997751030665,0.511,0.177,0.312
4.852223597836466,0.51,0.177,0.313
4.854186191563645,0.511,0.176,0.313
4.854524474114968,0.512,0.175,0.313
4.8580545163594255,0.513,0.174,0.313
4.85852285002054,0.512,0.174,0.314
4.859019155638548,0.513,0.173,0.314
4.863450760886373,0.512,0.174,0.314
4.868161630949765,0.513,0.173,0.314
4.872697064357753,0.514,0.172,0.314
4.873663161229212,0.513,0.172,0.315
4.875574105903425,0.512,0.173,0.315
4.883179230041918,0.513,0.172,0.315
4.885221368028993,0.514,0.172,0.314
4.888895542351479,0.515,0.171,0.314
4.890448501376726,0.514,0.172,0.314
4.8916613675930725,0.513,0.172,0.315
4.894334190969552,0.514,0.171,0.315
4.89617802607314,0.515,0.171,0.314
4.901119451093138,0.514,0.171,0.315
4.901353822626576,0.513,0.172,0.315
4.903780863891598,0.512,0.173,0.315
4.9062235546784185,0.513,0.172,0.315
4.9064229370260195,0.514,0.171,0.315
4.912083688807314,0.513,0.171,0.316
4.912755077574488,0.514,0.17,0.316
4.914514777999482,0.513,0.171,0.316
4.9149067507492585,0.514,0.17,0.316
4.917906486387328,0.513,0.17,0.317
4.9182353213684,0.514,0.169,0.317
4.918557837005263,0.515,0.168,0.317
4.9222076941919335,0.514,0.168,0.318
4.922559180201813,0.513,0.168,0.319
4.92764408797052,0.512,0.168,0.32
4.931758371503813,0.513,0.167,0.32
4.943745416811668,0.514,0.166,0.32
4.944581220150707,0.515,0.165,0.32
4.94653312003418,0.516,0.164,0.32
4.952833601879628,0.517,0.163,0.32
4.953225070726792,0.518,0.162,0.32
4.954335422097223,0.517,0.162,0.321
4.954728847139981,0.516,0.163,0.321
4.961915799759322,0.517,0.162,0.321
4.96411390261463,0.516,0.162,0.322
4.965740469262472,0.515,0.163,0.322
4.970744236748957,0.514,0.164,0.322
4.975725536611871,0.515,0.164,0.321
4.976974460473028,0.514,0.164,0.322
4.977885873756857,0.515,0.163,0.322
4.980255181751232,0.516,0.162,0.322
4.988110143856921,0.515,0.162,0.323
4.990055696818651,0.514,0.163,0.323
4.992015348019551,0.513,0.163,0.324
4.992490692269473,0.512,0.164,0.324
4.996930702998096,0.513,0.163,0.324
4.999689948183601,0.512,0.163,0.325
5.004150201844428,0.513,0.162,0.325
5.006734230468185,0.514,0.161,0.325
5.012233721217865,0.513,0.161,0.326
5.013460032213318,0.514,0.16,0.326
5.014098498366146,0.513,0.16,0.327
5.0146849806380125,0.514,0.159,0.327
5.016193057235886,0.515,0.159,0.326
5.019442008138206,0.516,0.158,0.326
5.0200525568454335,0.515,0.158,0.327
5.033431291029505,0.516,0.157,0.327
5.035240921329005,0.515,0.158,0.327
5.035687283391477,0.516,0.158,0.326
5.0364476419113595,0.517,0.157,0.326
5.039421304344809,0.518,0.156,0.326
5.048872976248134,0.519,0.155,0.326
5.053742184743631,0.518,0.155,0.327
5.0571932708303455,0.517,0.155,0.328
5.060152688862886,0.518,0.154,0.328
5.061443042912204,0.519,0.154,0.327
5.064082713077573,0.52,0.153,0.327
5.064534695480024,0.519,0.154,0.327
5.065840745141732,0.52,0.153,0.327
5.067018198947551,0.521,0.152,0.327
5.067571722392961,0.52,0.153,0.327
5.069489569091036,0.519,0.154,0.327
5.06955708295547,0.52,0.153,0.327
5.07038750163879,0.521,0.152,0.327
5.071347288786146,0.52,0.152,0.328
5.074292165530834,0.519,0.152,0.329
5.080341257834598,0.518,0.152,0.33
5.081008698128785,0.517,0.153,0.33
5.090965498760227,0.516,0.153,0.331
5.0918142214409805,0.517,0.152,0.331
5.09705517678135,0.518,0.151,0.331
5.099575946468049,0.517,0.152,0.331
5.10259409448006,0.518,0.152,0.33
5.102883512117479,0.517,0.153,0.33
5.1041296455669345,0.518,0.152,0.33
5.105636039950266,0.519,0.151,0.33
5.114910358067177,0.52,0.151,0.329
5.116998807216072,0.521,0.15,0.329
5.1207895095977625,0.52,0.15,0.33
5.12417228974058,0.519,0.151,0.33
5.1285742032320165,0.52,0.15,0.33
5.131711792469356,0.519,0.151,0.33
5.133096156408065,0.518,0.151,0.331
5.13730428899142,0.519,0.15,0.331
5.145294873604486,0.52,0.149,0.331
5.147010663608649,0.521,0.148,0.331
5.147963709195179,0.522,0.147,0.331
5.1508137579501225,0.521,0.147,0.332
5.153558154533398,0.522,0.146,0.332
5.15452554986042,0.523,0.145,0.332
5.156234952980925,0.524,0.144,0.332
5.1592230579302445,0.525,0.144,0.331
5.16186497765872,0.526,0.143,0.331
5.16407739084035,0.527,0.142,0.331
5.166302245347052,0.526,0.143,0.331
5.167502434246541,0.525,0.143,0.332
5.167694869925764,0.524,0.144,0.332
5.1681573625905015,0.523,0.145,0.332
5.174077426628072,0.524,0.144,0.332
5.183330152677443,0.523,0.144,0.333
5.184041311470605,0.524,0.143,0.333
5.184676502730338,0.523,0.143,0.334
5.192070673657431,0.524,0.142,0.334
5.192670634802248,0.525,0.141,0.334
5.201090034962307,0.524,0.141,0.335
5.205144343508133,0.523,0.142,0.335
5.206764535294317,0.522,0.143,0.335
5.207074284028478,0.521,0.144,0.335
5.209867029283131,0.522,0.143,0.335
5.215359359660045,0.523,0.142,0.335
5.217755434644632,0.522,0.142,0.336
5.219811963570794,0.521,0.142,0.337
5.224063079126547,0.522,0.141,0.337
5.228106053084649,0.521,0.141,0.338
5.230296696626564,0.52,0.141,0.339
5.231281014000761,0.521,0.141,0.338
5.2373612594829755,0.522,0.14,0.338
5.249050241583292,0.521,0.14,0.339
5.251402165726407,0.52,0.141,0.339
5.251512085009203,0.519,0.142,0.339
5.256671522362584,0.52,0.142,0.338
5.257924261637455,0.521,0.141,0.338
5.259546126724738,0.52,0.141,0.339
5.265658550720677,0.521,0.14,0.339
5.267576994476228,0.522,0.139,0.339
5.269789307864456,0.523,0.139,0.338
5.277763478374537,0.522,0.14,0.338
5.2805862624605755,0.523,0.139,0.338
5.281120383688797,0.524,0.138,0.338
5.285884534961979,0.523,0.138,0.339
5.291221309923677,0.524,0.137,0.339
5.291272557385906,0.525,0.137,0.338
5.292364417354589,0.526,0.136,0.338
5.2948983375090375,0.527,0.135,0.338
5.298854277208086,0.526,0.136,0.338
5.298987678130795,0.525,0.136,0.339
5.308204101426223,0.524,0.136,0.34
5.311107137023454,0.525,0.136,0.339
