time,f0,f1,f2
0.0,1.0,0.0,0.0
0.0006445215434258977,0.999,0.001,0.0
0.027232722605945853,0.998,0.001,0.001
0.03971702199815047,0.997,0.001,0.002
0.03978123749089368,0.996,0.001,0.003
0.047137263547337244,0.995,0.001,0.004
0.05306808537240857,0.994,0.002,0.004
0.06868326131207539,0.993,0.003,0.004
0.07290594912584004,0.992,0.003,0.005
0.07387779294317232,0.991,0.003,0.006
0.07791437184698775,0.99,0.004,0.006
0.09256981159933199,0.989,0.005,0.006
0.10033119078220162,0.988,0.005,0.007
0.10820428446041624,0.987,0.006,0.007
0.12441660565023197,0.986,0.007,0.007
0.13512045357646274,0.985,0.007,0.008
0.1463009389854395,0.984,0.008,0.008
0.1548953351859507,0.983,0.008,0.009
0.1554244968051255,0.982,0.008,0.01
0.15698244389483088,0.981,0.009,0.01
0.16621458075054102,0.98,0.01,0.01
0.1674245174306241,0.979,0.011,0.01
0.16779527712421552,0.978,0.011,0.011
0.1685393907066062,0.977,0.012,0.011
0.16988425689613224,0.976,0.012,0.012
0.17099388921154998,0.975,0.012,0.013
0.17102636378854336,0.974,0.013,0.013
0.17307889484109884,0.973,0.013,0.014
0.17895153693941923,0.972,0.013,0.015
0.1892639327939028,0.971,0.014,0.015
0.20269601382231978,0.97,0.015,0.015
0.20675782658998834,0.969,0.016,0.015
0.20963343563835599,0.968,0.017,0.015
0.2171567572497368,0.967,0.018,0.015
0.22008563115203186,0.966,0.018,0.016
0.23960767733978722,0.965,0.018,0.017
0.2790014245571168,0.964,0.018,0.018
0.2851004812200186,0.963,0.019,0.018
0.2908018578058813,0.962,0.02,0.018
0.2919378478525565,0.961,0.021,0.018
0.29206872371045617,0.96,0.022,0.018
0.29369043917772925,0.959,0.023,0.018
0.300847304666674,0.958,0.023,0.019
0.3043530195714266,0.957,0.023,0.02
0.3179811090080584,0.956,0.024,0.02
0.3377180418437911,0.955,0.024,0.021
0.3616284200962552,0.954,0.025,0.021
0.3646271495706478,0.953,0.026,0.021
0.36471281385641935,0.952,0.027,0.021
0.3734069357519079,0.951,0.028,0.021
0.3741403534786525,0.95,0.028,0.022
0.4026156185438055,0.949,0.028,0.023
0.41041472036366067,0.948,0.028,0.024
0.4163308578458244,0.947,0.029,0.024
0.42183624191209085,0.946,0.03,0.024
0.4341372496232972,0.945,0.031,0.024
0.4355037482868032,0.944,0.031,0.025
0.4411169124988132,0.943,0.031,0.026
0.44331500562295145,0.944,0.03,0.026
0.45080554336174333,0.943,0.031,0.026
0.45930594306210853,0.942,0.031,0.027
0.46260050740824527,0.943,0.03,0.027
0.46615450519509505,0.942,0.03,0.028
0.4673316121194268,0.941,0.03,0.029
0.47904852907680956,0.94,0.031,0.029
0.4851557748704743,0.939,0.032,0.029
0.4858345219402532,0.938,0.033,0.029
0.4878765288997142,0.937,0.033,0.03
0.4916266454740757,0.936,0.033,0.031
0.4939533138616217,0.935,0.034,0.031
0.49786066721106237,0.934,0.034,0.032
0.5138064314654649,0.933,0.034,0.033
0.5176521747894156,0.932,0.034,0.034
0.5188056774491075,0.931,0.034,0.035
0.5191660127808337,0.93,0.034,0.036
0.5198144080756686,0.929,0.035,0.036
0.521502178636201,0.928,0.036,0.036
0.5221633455511667,0.927,0.037,0.036
0.5256995131445719,0.926,0.037,0.037
0.528516564867944,0.925,0.038,0.037
0.5328902727270597,0.924,0.038,0.038
0.5379355647582593,0.923,0.038,0.039
0.5408083368926595,0.922,0.039,0.039
0.5424665934505116,0.921,0.039,0.04
0.5521969472968656,0.92,0.04,0.04
0.5540217859327111,0.919,0.04,0.041
0.5563386387792634,0.918,0.041,0.041
0.5586161811044555,0.917,0.041,0.042
0.5677076887002431,0.916,0.041,0.043
0.5709901024915844,0.915,0.042,0.043
0.5716312972559108,0.914,0.043,0.043
0.5791920593308165,0.913,0.043,0.044
0.592531233697058,0.912,0.044,0.044
0.5950420659152917,0.911,0.044,0.045
0.610665843241482,0.91,0.045,0.045
0.61262838026841,0.909,0.046,0.045
0.6127771087931682,0.91,0.046,0.044
0.6174343076804706,0.909,0.047,0.044
0.6242242518823158,0.908,0.047,0.045
0.6243345109456726,0.907,0.048,0.045
0.6279016465105113,0.906,0.048,0.046
0.6288643522181669,0.905,0.048,0.047
0.6380210986741187,0.904,0.048,0.048
0.6401291668347727,0.903,0.048,0.049
0.6526553043624937,0.902,0.049,0.049
0.6588621740010395,0.901,0.05,0.049
0.6625165394780139,0.902,0.05,0.048
0.667200558968899,0.903,0.05,0.047
0.6933381810416296,0.902,0.05,0.048
0.6949774302652492,0.901,0.051,0.048
0.6975741573372859,0.9,0.051,0.049
0.6994822759529051,0.899,0.052,0.049
0.7154063067237629,0.898,0.053,0.049
0.7163280055285766,0.897,0.053,0.05
0.7281902018388791,0.896,0.053,0.051
0.7443617885083698,0.895,0.053,0.052
0.7450888923727704,0.894,0.054,0.052
0.7459976006801665,0.893,0.055,0.052
0.7472701456082869,0.892,0.056,0.052
0.7487078721830364,0.891,0.057,0.052
0.7575181106910671,0.892,0.056,0.052
0.7639819102753417,0.891,0.057,0.052
0.774777795499741,0.89,0.058,0.052
0.7813841865699308,0.889,0.058,0.053
0.7868885855374984,0.888,0.059,0.053
0.8086814043362243,0.887,0.06,0.053
0.8256293957630281,0.886,0.061,0.053
0.831425832340341,0.885,0.061,0.054
0.8514353450382152,0.884,0.062,0.054
0.8567880188064435,0.883,0.062,0.055
0.8618352021704113,0.882,0.062,0.056
0.8702012291930954,0.881,0.063,0.056
0.8791258793921919,0.88,0.064,0.056
0.8841272775290908,0.879,0.064,0.057
0.8851380107236981,0.878,0.064,0.058
0.8916311247041494,0.877,0.064,0.059
0.8949178645277085,0.876,0.065,0.059
0.9022249416639659,0.875,0.066,0.059
0.9059024022085161,0.874,0.066,0.06
0.9343272755981956,0.873,0.066,0.061
0.9419620820659861,0.872,0.067,0.061
0.9472934617280581,0.871,0.067,0.062
0.9524799160238634,0.87,0.067,0.063
0.9576237444970314,0.871,0.067,0.062
0.9771676743690207,0.87,0.068,0.062
0.9805973313047804,0.869,0.068,0.063
1.0009149385565814,0.868,0.068,0.064
1.0030931483900305,0.867,0.069,0.064
1.0089132421038227,0.866,0.07,0.064
1.0264915651877466,0.865,0.071,0.064
1.0274352001197093,0.864,0.071,0.065
1.0355889545698902,0.863,0.072,0.065
1.0369612907462928,0.862,0.073,0.065
1.0389692167593505,0.861,0.073,0.066
1.0413179850646321,0.86,0.074,0.066
1.046586535600417,0.859,0.074,0.067
1.0547611898378844,0.858,0.075,0.067
1.0665841716232558,0.857,0.075,0.068
1.0675328520114686,0.856,0.076,0.068
1.0692165858273732,0.855,0.076,0.069
1.0791820258340454,0.854,0.077,0.069
1.0792359306450434,0.853,0.078,0.069
1.0797709840040013,0.852,0.079,0.069
1.0811708992359517,0.851,0.08,0.069
1.0831005656326174,0.85,0.081,0.069
1.0861006644284825,0.849,0.081,0.07
1.0920113090241275,0.848,0.082,0.07
1.095847400197155,0.847,0.082,0.071
1.0971081241788405,0.846,0.083,0.071
1.0983185249886698,0.845,0.084,0.071
1.1042533587207253,0.844,0.085,0.071
1.104397305849834,0.843,0.085,0.072
1.1197541114867067,0.842,0.086,0.072
1.1238228974201063,0.841,0.086,0.073
1.1289867039446784,0.84,0.086,0.074
1.1315593911161757,0.839,0.087,0.074
1.1328928926364652,0.838,0.088,0.074
1.1394652729022376,0.837,0.089,0.074
1.1432857784729593,0.836,0.089,0.075
1.1469242947672251,0.835,0.089,0.076
1.1514410661059609,0.834,0.09,0.076
1.1535212091118787,0.833,0.09,0.077
1.1536914093755435,0.832,0.091,0.077
1.1579351626942922,0.831,0.091,0.078
1.158716556743209,0.83,0.091,0.079
1.1598964609820501,0.829,0.092,0.079
1.1635041791742209,0.828,0.092,0.08
1.1668517910949103,0.827,0.093,0.08
1.1716306748125243,0.826,0.093,0.081
1.1740192447855433,0.825,0.093,0.082
1.1756835565652652,0.824,0.093,0.083
1.1774587563969734,0.823,0.094,0.083
1.1790082676810427,0.822,0.094,0.084
1.2028940382262734,0.823,0.094,0.083
1.2048735006585196,0.822,0.095,0.083
1.2077909104534286,0.821,0.095,0.084
1.2145101594271246,0.82,0.095,0.085
1.2405965914982335,0.821,0.094,0.085
1.243382737566408,0.82,0.094,0.086
1.2491321547240537,0.819,0.095,0.086
1.2561838294631746,0.818,0.095,0.087
1.2610579870669159,0.817,0.095,0.088
1.2610687353990437,0.816,0.096,0.088
1.2672007202871325,0.815,0.097,0.088
1.2705081446643958,0.814,0.098,0.088
1.2752826888023594,0.815,0.097,0.088
1.2847266602456282,0.814,0.098,0.088
1.284749023077884,0.813,0.099,0.088
1.2880096462389827,0.812,0.099,0.089
1.3033375697779928,0.811,0.099,0.09
1.304845061566119,0.81,0.099,0.091
1.3085643014971637,0.809,0.099,0.092
1.3157669547025648,0.808,0.1,0.092
1.3300048298135796,0.807,0.101,0.092
1.3351295970932726,0.806,0.101,0.093
1.3353947726446473,0.805,0.102,0.093
1.3370050934106101,0.804,0.102,0.094
1.3398111577799574,0.803,0.103,0.094
1.3407041843489633,0.802,0.103,0.095
1.3438937870166283,0.801,0.104,0.095
1.348333825365099,0.8,0.105,0.095
1.3500836193079824,0.799,0.105,0.096
1.356100208944782,0.798,0.106,0.096
1.3631195599242498,0.797,0.106,0.097
1.3650945027914163,0.796,0.106,0.098
1.3664657841192251,0.795,0.107,0.098
1.3694899324440224,0.794,0.107,0.099
1.3723095106026835,0.793,0.107,0.1
1.3780029975744288,0.794,0.107,0.099
1.383681373016767,0.793,0.107,0.1
1.3907771359670948,0.792,0.107,0.101
1.3996432432779615,0.791,0.107,0.102
1.40139534761375,0.79,0.107,0.103
1.4022214504326196,0.789,0.107,0.104
1.4074705928991949,0.788,0.108,0.104
1.410110764976512,0.787,0.109,0.104
1.422206188923761,0.788,0.108,0.104
1.4247838396696262,0.787,0.109,0.104
1.426778122015812,0.786,0.109,0.105
1.44252225660958,0.785,0.11,0.105
1.4452882967165812,0.784,0.11,0.106
1.4485222505221775,0.783,0.111,0.106
1.4496891845656659,0.782,0.111,0.107
1.4516227921988372,0.781,0.112,0.107
1.4597812056356654,0.78,0.112,0.108
1.4598599399900585,0.779,0.113,0.108
1.4609544300042243,0.778,0.114,0.108
1.4897444200139696,0.777,0.115,0.108
1.500549348957693,0.776,0.116,0.108
1.501186543665599,0.775,0.117,0.108
1.505762871516631,0.774,0.118,0.108
1.547456395824464,0.773,0.118,0.109
1.5515724543171896,0.772,0.118,0.11
1.5687992722627166,0.771,0.119,0.11
1.5725530206251046,0.77,0.119,0.111
1.5748142694745462,0.769,0.119,0.112
1.5817202090013383,0.768,0.119,0.113
1.587657791897442,0.767,0.119,0.114
1.58991588816145,0.768,0.118,0.114
1.5949743791689823,0.767,0.118,0.115
1.5976543054742065,0.766,0.118,0.116
1.5977470171351742,0.765,0.119,0.116
1.60241106040402,0.764,0.12,0.116
1.6184262364438702,0.763,0.12,0.117
1.6208740155761616,0.762,0.12,0.118
1.625157320979432,0.761,0.121,0.118
1.6275155231246183,0.76,0.122,0.118
1.6295688456874327,0.759,0.123,0.118
1.6347124673218087,0.76,0.123,0.117
1.6514913672954146,0.759,0.123,0.118
1.6587267149444016,0.758,0.124,0.118
1.686996864242478,0.757,0.125,0.118
1.6873611467529563,0.756,0.126,0.118
1.6919812648756833,0.755,0.126,0.119
1.7000414268067032,0.754,0.126,0.12
1.7033015701447658,0.753,0.127,0.12
1.7034840816547427,0.752,0.128,0.12
1.7076781734159923,0.751,0.128,0.121
1.7093081471299512,0.75,0.128,0.122
1.7141772603335104,0.749,0.129,0.122
1.7162158774244154,0.75,0.129,0.121
1.7196874322922755,0.751,0.129,0.12
1.7210396214668668,0.75,0.129,0.121
1.7249443269504252,0.749,0.13,0.121
1.7292502875148201,0.75,0.13,0.12
1.7316055499966465,0.749,0.13,0.121
1.7336019220358163,0.748,0.13,0.122
1.7369246312509967,0.749,0.13,0.121
1.7382068537672168,0.748,0.13,0.122
1.7432290056113184,0.747,0.13,0.123
1.7472104605648746,0.746,0.13,0.124
1.7524341061336963,0.747,0.13,0.123
1.7586174172931655,0.746,0.131,0.123
1.7611887908295794,0.745,0.131,0.124
1.7628006844459192,0.746,0.13,0.124
1.7638796748977719,0.745,0.13,0.125
1.7649551963294645,0.744,0.13,0.126
1.7667172496076928,0.743,0.13,0.127
1.7710401466704875,0.742,0.131,0.127
1.7760442000733838,0.743,0.131,0.126
1.7790922260699316,0.742,0.131,0.127
1.7828128891545072,0.741,0.132,0.127
1.7871512953267947,0.74,0.132,0.128
1.8030919428705814,0.739,0.132,0.129
1.809832769527281,0.74,0.131,0.129
1.8211712568474379,0.741,0.13,0.129
1.8230738124842683,0.74,0.131,0.129
1.8245391730621237,0.739,0.132,0.129
1.8262564676259607,0.738,0.132,0.13
1.8359476937391166,0.737,0.133,0.13
1.8557143723081415,0.736,0.133,0.131
1.8644920047648055,0.735,0.133,0.132
1.865791931701251,0.736,0.133,0.131
1.866838179771362,0.735,0.133,0.132
1.8713685155981215,0.734,0.134,0.132
1.8719892677026586,0.733,0.135,0.132
1.880499504874092,0.732,0.135,0.133
1.8807685082382606,0.731,0.135,0.134
1.8875773915060325,0.73,0.136,0.134
1.8883499872235567,0.729,0.137,0.134
1.8898817466481441,0.728,0.138,0.134
1.894133241031688,0.727,0.138,0.135
1.8989313469233102,0.726,0.139,0.135
1.8996729626836493,0.725,0.14,0.135
1.9029084194858894,0.724,0.141,0.135
1.9484481281595853,0.723,0.141,0.136
1.9557863278781948,0.722,0.142,0.136
1.960727331514199,0.721,0.143,0.136
1.9643939251567806,0.72,0.143,0.137
1.96798616259278,0.719,0.143,0.138
1.970395014064528,0.72,0.143,0.137
1.973628953809578,0.719,0.143,0.138
1.9779807386229904,0.718,0.144,0.138
1.9784992326901536,0.717,0.145,0.138
1.9835554032645988,0.718,0.145,0.137
1.9846997233705626,0.717,0.146,0.137
1.986669444272308,0.716,0.147,0.137
1.9953499547315698,0.715,0.147,0.138
1.998501689009082,0.714,0.147,0.139
2.0079744906915127,0.713,0.148,0.139
2.0136410387117127,0.712,0.148,0.14
2.01773130761824,0.711,0.148,0.141
2.022539999625607,0.71,0.148,0.142
2.037838640600532,0.709,0.149,0.142
2.039475892962834,0.708,0.15,0.142
2.0408142410423835,0.707,0.151,0.142
2.053310587532386,0.706,0.151,0.143
2.0538718289884104,0.705,0.152,0.143
2.0543132229573224,0.704,0.152,0.144
2.058047752919413,0.703,0.152,0.145
2.060410795009032,0.704,0.152,0.144
2.062663828423863,0.703,0.153,0.144
2.0706541058874213,0.702,0.154,0.144
2.0710885753851045,0.701,0.155,0.144
2.079662124653582,0.7,0.155,0.145
2.085957514034743,0.701,0.155,0.144
2.089138711228139,0.7,0.155,0.145
2.092672582793545,0.699,0.156,0.145
2.094721879043399,0.698,0.157,0.145
2.1091702968736055,0.697,0.158,0.145
2.109511213294061,0.696,0.159,0.145
2.112887146637566,0.695,0.16,0.145
2.1171012359112615,0.694,0.16,0.146
2.121367719272565,0.693,0.16,0.147
2.1294218181149485,0.694,0.16,0.146
2.129494056187984,0.693,0.161,0.146
2.1375555362429295,0.692,0.161,0.147
2.147366988941903,0.691,0.162,0.147
2.148821133808838,0.69,0.163,0.147
2.1565719196725377,0.689,0.163,0.148
2.1626581292107643,0.688,0.163,0.149
2.167130838601637,0.687,0.163,0.15
2.1683120419315354,0.686,0.164,0.15
2.1685423161872612,0.685,0.164,0.151
2.171779092880923,0.684,0.164,0.152
2.176088036409971,0.683,0.164,0.153
2.176818067735443,0.682,0.165,0.153
2.1808145321004284,0.681,0.165,0.154
2.182707243852154,0.68,0.166,0.154
2.1862208432029067,0.679,0.167,0.154
2.193254601636443,0.678,0.167,0.155
2.196813737503287,0.677,0.167,0.156
2.198395778242026,0.676,0.168,0.156
2.2048623384171875,0.675,0.168,0.157
2.211586513607661,0.674,0.169,0.157
2.2176274142920636,0.673,0.17,0.157
2.2245870110393975,0.672,0.171,0.157
2.2326904624653507,0.671,0.172,0.157
2.233679575296347,0.67,0.172,0.158
2.2414570079947835,0.669,0.172,0.159
2.241643032422129,0.668,0.173,0.159
2.244276287192965,0.667,0.174,0.159
2.247830618108896,0.666,0.174,0.16
2.2509625982032584,0.667,0.173,0.16
2.2520338080100504,0.668,0.173,0.159
2.255680225038012,0.667,0.173,0.16
2.266968636851706,0.666,0.173,0.161
2.2723347633131006,0.665,0.174,0.161
2.2764342841063243,0.664,0.174,0.162
2.2799276186701287,0.663,0.175,0.162
2.283810823894157,0.662,0.176,0.162
2.286102812371196,0.661,0.177,0.162
2.291578894332611,0.66,0.178,0.162
2.303041431211396,0.659,0.179,0.162
2.323913498110503,0.658,0.18,0.162
2.3250393588722678,0.657,0.18,0.163
2.3255749444853686,0.656,0.18,0.164
2.333640237575833,0.657,0.179,0.164
2.3396187121030048,0.656,0.179,0.165
2.3409602534665233,0.655,0.18,0.165
2.3448908336221628,0.654,0.181,0.165
2.3481553529809567,0.653,0.181,0.166
2.3487910318845246,0.654,0.181,0.165
2.3532880851924083,0.653,0.182,0.165
2.3572799500486443,0.652,0.183,0.165
2.3628993994077603,0.651,0.184,0.165
2.36359390763791,0.65,0.184,0.166
2.367036183289998,0.651,0.184,0.165
2.380133743741435,0.652,0.184,0.164
2.384044699105016,0.651,0.184,0.165
2.396187144609733,0.65,0.185,0.165
2.4002134690851347,0.649,0.186,0.165
2.4020373171822804,0.648,0.186,0.166
2.4053945810638906,0.647,0.186,0.167
2.406152540010805,0.646,0.187,0.167
2.4141255659494756,0.645,0.187,0.168
2.422905798228101,0.644,0.188,0.168
2.430991995858593,0.643,0.188,0.169
2.432509468675968,0.644,0.188,0.168
2.4350956812675486,0.645,0.187,0.168
2.440121061941269,0.644,0.187,0.169
2.4404799097216126,0.643,0.187,0.17
2.4405331808948767,0.642,0.187,0.171
2.441027583371545,0.641,0.188,0.171
2.446354821096763,0.642,0.188,0.17
2.4594325310307497,0.641,0.188,0.171
2.464212881779505,0.64,0.188,0.172
2.4674828181658968,0.639,0.188,0.173
2.4739994897652915,0.638,0.188,0.174
2.4912746690612058,0.637,0.188,0.175
2.5148233491233865,0.636,0.189,0.175
2.5182021468552582,0.635,0.189,0.176
2.5203307922860136,0.634,0.19,0.176
2.5222630986899057,0.633,0.191,0.176
2.525403575372944,0.632,0.192,0.176
2.531827435083048,0.631,0.193,0.176
2.534661147244843,0.63,0.194,0.176
2.536821951153768,0.629,0.194,0.177
2.55050310180404,0.628,0.194,0.178
2.55119863876392,0.627,0.194,0.179
2.553104237256183,0.626,0.194,0.18
2.5548773888165917,0.625,0.194,0.181
2.5557472179343073,0.624,0.194,0.182
2.558940087823589,0.623,0.194,0.183
2.559954554327433,0.622,0.194,0.184
2.5614683935482248,0.621,0.194,0.185
2.583930057727152,0.622,0.194,0.184
2.5852568357614087,0.621,0.195,0.184
2.5893818149802077,0.62,0.195,0.185
2.5898945312101906,0.621,0.195,0.184
2.5906848448146986,0.62,0.195,0.185
2.591140758849175,0.621,0.195,0.184
2.593443121286535,0.62,0.195,0.185
2.593475071649559,0.619,0.196,0.185
2.5967604723236195,0.618,0.196,0.186
2.599149473934118,0.617,0.197,0.186
2.6304873088184113,0.616,0.198,0.186
2.6350901383152916,0.617,0.198,0.185
2.6450088689337994,0.616,0.199,0.185
2.6571125628331864,0.615,0.2,0.185
2.6584640737413383,0.614,0.201,0.185
2.662662744886732,0.613,0.202,0.185
2.6673290930273006,0.612,0.203,0.185
2.668621556695631,0.613,0.202,0.185
2.673970201848004,0.612,0.203,0.185
2.6771774071129593,0.611,0.204,0.185
2.6859057965248367,0.612,0.204,0.184
2.6921087597540363,0.611,0.204,0.185
2.695533376571435,0.61,0.204,0.186
2.7002014765792315,0.609,0.204,0.187
2.7043867444058094,0.608,0.205,0.187
2.705634531854582,0.607,0.205,0.188
2.7095627734193974,0.608,0.204,0.188
2.7109058943418067,0.607,0.205,0.188
2.7164534623346386,0.606,0.205,0.189
2.7167433119683237,0.605,0.206,0.189
2.719115678756467,0.604,0.206,0.19
2.720529057061328,0.603,0.206,0.191
2.723546165386626,0.602,0.206,0.192
2.7356280032356888,0.601,0.206,0.193
2.7401483862484923,0.6,0.206,0.194
2.743015826926968,0.601,0.205,0.194
2.7511089951745284,0.602,0.205,0.193
2.7548453206191725,0.601,0.205,0.194
2.755759512918704,0.6,0.206,0.194
2.760559958943354,0.599,0.207,0.194
2.7638307863953044,0.598,0.207,0.195
2.7639453420571365,0.597,0.207,0.196
2.787253626564937,0.596,0.207,0.197
2.788715258543312,0.595,0.208,0.197
2.7907238529082443,0.594,0.208,0.198
2.7922961924584064,0.593,0.208,0.199
2.792653915275465,0.592,0.209,0.199
2.793213163202165,0.591,0.209,0.2
2.794108749640799,0.592,0.208,0.2
2.804415405813193,0.593,0.207,0.2
2.8165851128146615,0.592,0.207,0.201
2.82012538494817,0.593,0.206,0.201
2.8211198183746595,0.592,0.206,0.202
2.8253497012348037,0.591,0.206,0.203
2.8309535105431145,0.592,0.205,0.203
2.8394952955770263,0.591,0.205,0.204
2.866602450993838,0.59,0.206,0.204
2.8707136839851266,0.589,0.206,0.205
2.8708837445161213,0.59,0.206,0.204
2.87325979883393,0.589,0.206,0.205
2.884045515201245,0.588,0.207,0.205
2.8937662239850006,0.587,0.208,0.205
2.902831778101311,0.586,0.208,0.206
2.9130498827384197,0.585,0.209,0.206
2.913960853128153,0.584,0.21,0.206
2.9154574554531285,0.583,0.21,0.207
2.919518628003108,0.582,0.21,0.208
2.9281587133904483,0.581,0.21,0.209
2.934072716158561,0.58,0.21,0.21
2.9432132331176244,0.581,0.209,0.21
2.95213689694107,0.582,0.209,0.209
2.9626821855681107,0.581,0.21,0.209
2.971744141304079,0.582,0.209,0.209
2.9722020146570016,0.581,0.209,0.21
2.97312684760874,0.582,0.208,0.21
2.9797129705616423,0.583,0.208,0.209
2.9900610683785414,0.582,0.208,0.21
2.996926852524833,0.581,0.208,0.211
2.998657501438028,0.58,0.209,0.211
3.001298274163326,0.579,0.21,0.211
3.0032702270846485,0.578,0.21,0.212
3.0038796775554464,0.579,0.21,0.211
3.012100968380422,0.578,0.211,0.211
3.014227397501223,0.577,0.211,0.212
3.0185856774253392,0.576,0.212,0.212
3.020390463697283,0.575,0.213,0.212
3.0226877828808627,0.574,0.214,0.212
3.028894780914728,0.573,0.215,0.212
3.030454867533451,0.572,0.215,0.213
3.049172428186929,0.571,0.215,0.214
3.049765417273503,0.57,0.215,0.215
3.052963435078024,0.569,0.215,0.216
3.054102906098219,0.568,0.216,0.216
3.058804136926198,0.569,0.215,0.216
3.0741646155783173,0.57,0.214,0.216
3.084166978602164,0.569,0.214,0.217
3.12159067434046,0.568,0.214,0.218
3.1242885863927072,0.567,0.214,0.219
3.1255653359846987,0.566,0.214,0.22
3.126791264303293,0.565,0.214,0.221
3.1296442022445,0.566,0.214,0.22
3.129799522966764,0.565,0.215,0.22
3.1327757836434653,0.566,0.214,0.22
3.133674220531878,0.565,0.214,0.221
3.1354839388089153,0.564,0.214,0.222
3.1419521481815678,0.563,0.214,0.223
3.1612452128057376,0.562,0.214,0.224
3.164210534393172,0.561,0.215,0.224
3.1718980221352187,0.56,0.215,0.225
3.1780541358207333,0.561,0.215,0.224
3.1827630899408166,0.56,0.215,0.225
3.1870482794465116,0.559,0.215,0.226
3.2106637783104235,0.558,0.215,0.227
3.231377656151192,0.557,0.216,0.227
3.244580525131139,0.556,0.217,0.227
3.248328390961289,0.555,0.217,0.228
3.248866274589728,0.556,0.216,0.228
3.253092698494337,0.555,0.217,0.228
3.254981443697849,0.554,0.218,0.228
3.2577827229154277,0.553,0.219,0.228
3.2585716018699626,0.552,0.22,0.228
3.275325915505147,0.553,0.22,0.227
3.276031957085895,0.552,0.221,0.227
3.281974747219,0.551,0.222,0.227
3.2837868638990857,0.552,0.221,0.227
3.286334281875124,0.551,0.221,0.228
3.291083835122055,0.55,0.221,0.229
3.294793351655553,0.549,0.222,0.229
3.2970057625150173,0.548,0.223,0.229
3.299398404207323,0.549,0.223,0.228
3.3042313733608477,0.548,0.224,0.228
3.321405643347809,0.547,0.224,0.229
3.334176576281846,0.546,0.224,0.23
3.344913287356049,0.547,0.223,0.23
3.352835643008928,0.548,0.222,0.23
3.360371265124232,0.547,0.222,0.231
3.3628090171318794,0.546,0.223,0.231
3.373773183662512,0.545,0.224,0.231
3.376226767515831,0.544,0.224,0.232
3.3786217197390913,0.543,0.224,0.233
3.379224736261112,0.542,0.225,0.233
3.3795514470250474,0.541,0.225,0.234
3.38109807922524,0.54,0.225,0.235
3.3819765249854785,0.539,0.225,0.236
3.3842140603099726,0.54,0.224,0.236
3.3864940516005646,0.539,0.224,0.237
3.4002168674174964,0.538,0.225,0.237
3.420493508204595,0.537,0.226,0.237
3.422711335332594,0.536,0.227,0.237
3.4227290805119517,0.537,0.226,0.237
3.427246096930441,0.538,0.225,0.237
3.42807551920056,0.537,0.226,0.237
3.4362802109759905,0.536,0.226,0.238
3.445202349883998,0.535,0.226,0.239
3.447379664017322,0.534,0.226,0.24
3.4580939753224613,0.533,0.226,0.241
3.463527399344557,0.532,0.227,0.241
3.46526340431517,0.531,0.227,0.242
3.4708554723467873,0.532,0.226,0.242
3.474242140752887,0.533,0.226,0.241
3.475455576814252,0.532,0.227,0.241
3.47817018845755,0.531,0.228,0.241
3.491714653968573,0.532,0.227,0.241
3.500952813509584,0.531,0.227,0.242
3.503041500211576,0.532,0.226,0.242
3.503976049597757,0.531,0.226,0.243
3.509246039783289,0.53,0.226,0.244
3.510606985235725,0.531,0.226,0.243
3.5123489303267816,0.53,0.227,0.243
3.5159730413519346,0.529,0.228,0.243
3.520419996532979,0.53,0.227,0.243
3.5243510093687616,0.529,0.227,0.244
3.5331162404513528,0.528,0.228,0.244
3.535910056274328,0.527,0.229,0.244
3.5369395621684956,0.526,0.23,0.244
3.5401656232800804,0.525,0.23,0.245
3.5445659329378207,0.526,0.23,0.244
3.5450872758521763,0.527,0.23,0.243
3.5467956710040123,0.526,0.231,0.243
3.548086929299191,0.525,0.231,0.244
3.54860714762708,0.524,0.232,0.244
3.5532656288095246,0.523,0.233,0.244
3.553560270275317,0.522,0.233,0.245
3.556945084195382,0.523,0.232,0.245
3.5594213738249323,0.522,0.233,0.245
3.564888788359066,0.521,0.234,0.245
3.5664763965434245,0.52,0.234,0.246
3.567847357921348,0.519,0.235,0.246
3.568392677493325,0.518,0.236,0.246
3.569911510146379,0.517,0.237,0.246
3.5763672492064207,0.518,0.237,0.245
3.5783704309363698,0.517,0.238,0.245
3.5793773938537226,0.516,0.239,0.245
3.581742780732882,0.515,0.239,0.246
3.587128501521197,0.516,0.239,0.245
3.5891691914234665,0.515,0.24,0.245
3.5917367464589502,0.514,0.24,0.246
3.5919438333648785,0.513,0.24,0.247
3.599916352859572,0.514,0.239,0.247
3.609091829282453,0.515,0.238,0.247
3.6096274146354816,0.516,0.237,0.247
3.618427125070725,0.515,0.238,0.247
3.6234564995062457,0.514,0.239,0.247
3.625267965685554,0.513,0.24,0.247
3.6396284171782036,0.512,0.241,0.247
3.657975049807162,0.511,0.241,0.248
3.6633733346830315,0.51,0.241,0.249
3.668528841506962,0.509,0.242,0.249
3.6697988265734796,0.508,0.243,0.249
3.688895453228834,0.509,0.243,0.248
3.6949727790857145,0.508,0.243,0.249
3.695475765950252,0.509,0.243,0.248
3.6968397040125627,0.508,0.244,0.248
3.7060821113267557,0.507,0.244,0.249
3.7063775736464963,0.506,0.244,0.25
3.7095088980788127,0.507,0.244,0.249
3.7122213409384486,0.506,0.244,0.25
3.7232275699585027,0.505,0.244,0.251
3.729578202494781,0.506,0.243,0.251
3.7364754565500338,0.505,0.243,0.252
3.7518642415238594,0.504,0.243,0.253
3.7582610065335844,0.503,0.244,0.253
3.758618837485883,0.502,0.244,0.254
3.78066424944085,0.501,0.245,0.254
3.785167610674406,0.502,0.244,0.254
3.7887255579829726,0.503,0.244,0.253
3.7938092712125173,0.502,0.244,0.254
3.7987577193625315,0.503,0.244,0.253
3.7990507617130627,0.502,0.244,0.254
3.799661254749507,0.501,0.244,0.255
3.800026867057261,0.5,0.245,0.255
3.801147506446732,0.499,0.246,0.255
3.8081698343341652,0.498,0.246,0.256
3.8107751956521305,0.497,0.247,0.256
3.8136730572275424,0.496,0.247,0.257
3.8141136639603257,0.495,0.247,0.258
3.8146270884674145,0.494,0.247,0.259
3.81998229486968,0.495,0.247,0.258
3.8229115610754714,0.494,0.248,0.258
3.8272922093114397,0.493,0.248,0.259
3.835534633924187,0.492,0.249,0.259
3.8391607739009372,0.491,0.249,0.26
3.8572247716167967,0.49,0.25,0.26
3.860560655735142,0.489,0.251,0.26
3.8614345034702855,0.49,0.25,0.26
3.865477578247466,0.489,0.251,0.26
3.8684977054652574,0.49,0.25,0.26
3.871377487129656,0.489,0.25,0.261
3.871801893592957,0.488,0.25,0.262
3.87359750525502,0.487,0.25,0.263
3.8761511662482215,0.486,0.251,0.263
3.8793449572023664,0.487,0.25,0.263
3.888785944649896,0.486,0.25,0.264
3.8962769696475616,0.487,0.25,0.263
3.8967450854009558,0.488,0.25,0.262
3.9022402107907337,0.487,0.251,0.262
3.9082849944228135,0.486,0.252,0.262
3.9091613586660907,0.485,0.252,0.263
3.9333184865612543,0.484,0.253,0.263
3.9351744267333633,0.483,0.253,0.264
3.935416350533526,0.482,0.254,0.264
3.9412637867717333,0.481,0.254,0.265
3.9603529161121425,0.48,0.254,0.266
3.964659557067837,0.479,0.254,0.267
3.979254606814912,0.478,0.254,0.268
3.9817976885710227,0.477,0.255,0.268
3.9825472782282656,0.476,0.255,0.269
3.9875063809084645,0.477,0.255,0.268
3.999216734718793,0.478,0.254,0.268
3.999375289873173,0.477,0.254,0.269
4.000306200857809,0.476,0.255,0.269
4.003191819218857,0.475,0.256,0.269
4.003968555401054,0.474,0.257,0.269
4.009147982351593,0.473,0.257,0.27
4.01041077992806,0.474,0.256,0.27
4.010947703258628,0.473,0.256,0.271
4.0222114821027795,0.472,0.257,0.271
4.0260260858660475,0.471,0.257,0.272
4.0260856293460785,0.47,0.257,0.273
4.028157178493694,0.469,0.257,0.274
4.050872045421842,0.468,0.257,0.275
4.05980063161569,0.467,0.257,0.276
4.06051802611331,0.466,0.258,0.276
4.0631093449155955,0.465,0.258,0.277
4.067064328285575,0.466,0.258,0.276
4.0876563873490355,0.465,0.259,0.276
4.089759930103866,0.464,0.26,0.276
4.091201981566349,0.463,0.261,0.276
4.092934601326821,0.464,0.26,0.276
4.100038937376,0.463,0.261,0.276
4.100316064217313,0.462,0.262,0.276
4.102519412591495,0.463,0.262,0.275
4.103546064675296,0.462,0.262,0.276
4.104390070134874,0.463,0.262,0.275
4.105836693021503,0.464,0.261,0.275
4.109049225851959,0.465,0.261,0.274
4.112585433651883,0.464,0.262,0.274
4.119435893317143,0.465,0.261,0.274
4.1230552601120385,0.464,0.261,0.275
4.125571209788293,0.465,0.26,0.275
4.129905892181667,0.464,0.261,0.275
4.1332557056855235,0.465,0.26,0.275
4.137839139840423,0.466,0.26,0.274
4.149129448532162,0.467,0.26,0.273
4.153941766774256,0.466,0.26,0.274
4.157812876658406,0.465,0.261,0.274
4.167454785338325,0.464,0.262,0.274
4.171570268681803,0.463,0.263,0.274
4.191601408874084,0.462,0.264,0.274
4.193983592360839,0.463,0.263,0.274
4.194522242872763,0.462,0.264,0.274
4.195951155994747,0.461,0.264,0.275
4.201051154525932,0.462,0.264,0.274
4.205162459230895,0.461,0.264,0.275
4.211357959255092,0.46,0.265,0.275
4.214823504369978,0.461,0.265,0.274
4.217401507257582,0.46,0.266,0.274
4.21986818300677,0.459,0.266,0.275
4.222687875980484,0.458,0.267,0.275
4.227069313076854,0.459,0.266,0.275
4.235935623666637,0.458,0.267,0.275
4.245031956157885,0.457,0.268,0.275
4.25156327534941,0.458,0.268,0.274
4.259687287844354,0.459,0.267,0.274
4.261804259474458,0.46,0.266,0.274
4.266632375309191,0.461,0.265,0.274
4.282549658713489,0.462,0.265,0.273
4.285637762410539,0.461,0.265,0.274
4.288832821171486,0.46,0.266,0.274
4.294670537985956,0.459,0.267,0.274
4.299094290340576,0.458,0.267,0.275
4.3017521773346035,0.459,0.267,0.274
4.302677982891812,0.458,0.268,0.274
4.303292437943245,0.459,0.268,0.273
4.30397034650495,0.458,0.268,0.274
4.305495475962108,0.457,0.269,0.274
4.306379979404939,0.456,0.269,0.275
4.307600885813559,0.455,0.269,0.276
4.31255426857988,0.456,0.269,0.275
4.323349912843308,0.457,0.268,0.275
4.329695658214786,0.456,0.269,0.275
4.337957967685959,0.457,0.269,0.274
4.340099501373764,0.456,0.269,0.275
4.340561385302493,0.455,0.27,0.275
4.342997583267061,0.454,0.271,0.275
4.343281099635765,0.455,0.27,0.275
4.344668719403154,0.454,0.271,0.275
4.346294430450045,0.453,0.272,0.275
4.354477245076352,0.454,0.271,0.275
4.357761008395534,0.455,0.271,0.274
4.367820478910754,0.456,0.271,0.273
4.369916151679948,0.455,0.272,0.273
4.370038184027586,0.454,0.272,0.274
4.371298024036201,0.453,0.272,0.275
4.381971924302247,0.452,0.273,0.275
4.389004917745939,0.453,0.273,0.274
4.389048505103459,0.454,0.273,0.273
4.389368668525083,0.453,0.274,0.273
4.391133614226052,0.452,0.275,0.273
4.39235820152696,0.451,0.276,0.273
4.399225787173598,0.45,0.277,0.273
4.4083443552973485,0.449,0.278,0.273
4.4112149986717135,0.448,0.278,0.274
4.41352896939074,0.447,0.278,0.275
4.414926728791406,0.448,0.278,0.274
4.418463371305493,0.447,0.279,0.274
4.418490128841774,0.446,0.279,0.275
4.424797532919335,0.445,0.279,0.276
4.426119290491392,0.444,0.28,0.276
4.432330215277977,0.443,0.281,0.276
4.4442825418688425,0.442,0.281,0.277
4.445445495944634,0.441,0.281,0.278
4.468273740171847,0.44,0.282,0.278
4.475410818217612,0.439,0.283,0.278
4.481725768878671,0.44,0.283,0.277
4.489183032362059,0.441,0.282,0.277
4.490750335005819,0.442,0.282,0.276
4.500471592560321,0.443,0.282,0.275
4.509599413212938,0.442,0.283,0.275
4.526386804526479,0.441,0.283,0.276
4.5268509985195875,0.44,0.284,0.276
4.535655314372908,0.439,0.284,0.277
4.541841276722772,0.438,0.285,0.277
4.554285224671095,0.439,0.284,0.277
4.5576266413832895,0.44,0.284,0.276
4.557794706739197,0.441,0.283,0.276
4.5620307436997924,0.44,0.284,0.276
4.565383391565151,0.439,0.284,0.277
4.56552569906832,0.438,0.285,0.277
4.577531847428858,0.439,0.284,0.277
4.588257110349975,0.438,0.285,0.277
4.588410881462551,0.437,0.286,0.277
4.595770163016436,0.436,0.287,0.277
4.600660554373564,0.435,0.287,0.278
4.6032063399465,0.434,0.288,0.278
4.603636122381486,0.433,0.288,0.279
4.6044911856460295,0.432,0.289,0.279
4.606424532339703,0.431,0.29,0.279
4.610758027971875,0.432,0.29,0.278
4.6110136075399515,0.431,0.291,0.278
4.611510330189679,0.432,0.291,0.277
4.61474559775386,0.431,0.291,0.278
4.62098756495555,0.432,0.29,0.278
4.635532766672051,0.431,0.29,0.279
4.638852479297353,0.43,0.29,0.28
4.640367654971569,0.429,0.291,0.28
4.645733714249914,0.43,0.29,0.28
4.647828446169743,0.429,0.291,0.28
4.655346824624193,0.428,0.291,0.281
4.655670360671118,0.429,0.29,0.281
4.665809230230215,0.428,0.29,0.282
4.668878998283711,0.427,0.291,0.282
4.672532601950713,0.426,0.291,0.283
4.695255642828855,0.425,0.292,0.283
4.6978074780877215,0.424,0.292,0.284
4.698448868207445,0.423,0.292,0.285
4.70197107382797,0.424,0.292,0.284
4.702679023288584,0.425,0.291,0.284
4.7086571900934535,0.424,0.291,0.285
4.7094950914732685,0.425,0.29,0.285
4.7129816375961076,0.424,0.291,0.285
4.713972530629372,0.423,0.292,0.285
4.716477349290987,0.424,0.291,0.285
4.726734571240081,0.423,0.291,0.286
4.738729907190187,0.424,0.291,0.285
4.739347327529245,0.423,0.291,0.286
4.741389343444163,0.422,0.291,0.287
4.7516096724259445,0.423,0.29,0.287
4.756166233695595,0.424,0.29,0.286
4.761166635347766,0.423,0.29,0.287
4.766990319374908,0.422,0.291,0.287
4.771054973636852,0.421,0.292,0.287
4.771106677081791,0.42,0.292,0.288
4.772693807988124,0.419,0.292,0.289
4.773520590630651,0.418,0.293,0.289
4.774193283648358,0.419,0.293,0.288
4.7774485734864,0.418,0.293,0.289
4.777943739693416,0.417,0.293,0.29
4.785845552499602,0.416,0.294,0.29
4.786572137571821,0.415,0.294,0.291
4.787829714309544,0.414,0.295,0.291
4.790371555881506,0.413,0.296,0.291
4.79125923883373,0.414,0.296,0.29
4.793403192187945,0.415,0.296,0.289
4.7947029135200046,0.414,0.297,0.289
4.796335950819191,0.413,0.297,0.29
4.800050033531547,0.412,0.298,0.29
4.804134525068055,0.411,0.299,0.29
4.805823199162392,0.41,0.3,0.29
4.807336280232397,0.411,0.3,0.289
4.813458759421497,0.412,0.3,0.288
4.8147193033481965,0.413,0.3,0.287
4.818859208479747,0.414,0.3,0.286
4.820494433659368,0.413,0.301,0.286
4.824063515021056,0.412,0.302,0.286
4.824468722280973,0.411,0.302,0.287
4.825684524491428,0.412,0.302,0.286
4.8259818438696,0.413,0.302,0.285
4.827006837805146,0.414,0.302,0.284
4.830863140241228,0.415,0.302,0.283
4.831746598064356,0.414,0.302,0.284
4.835844628821139,0.415,0.301,0.284
4.837854974014099,0.416,0.3,0.284
4.842008213595795,0.417,0.3,0.283
4.844118739566995,0.418,0.3,0.282
4.855350276608167,0.419,0.3,0.281
4.859354527754485,0.418,0.301,0.281
4.861391644491485,0.419,0.301,0.28
4.862446101612524,0.42,0.301,0.279
4.868347081289643,0.421,0.301,0.278
4.869087120116104,0.422,0.301,0.277
4.869838578319568,0.423,0.301,0.276
4.872193288991032,0.424,0.3,0.276
4.874329276541845,0.423,0.3,0.277
4.874386468046754,0.424,0.3,0.276
4.874792099607766,0.423,0.3,0.277
4.880812739896013,0.422,0.3,0.278
4.887650259420739,0.423,0.3,0.277
4.889507772257487,0.424,0.3,0.276
4.893579100195237,0.425,0.3,0.275
4.895183524711322,0.426,0.3,0.274
4.8959373487494116,0.427,0.3,0.273
4.897282464257642,0.428,0.3,0.272
4.898636554209173,0.427,0.3,0.273
4.899312929264887,0.426,0.301,0.273
4.903389625459681,0.425,0.302,0.273
4.904001974134593,0.426,0.302,0.272
4.905298869077396,0.427,0.302,0.271
4.911505286548106,0.428,0.302,0.27
4.911965843182601,0.427,0.302,0.271
4.913696593809773,0.426,0.302,0.272
4.9164973376843735,0.427,0.302,0.271
4.919150589060938,0.426,0.302,0.272
4.921011807109904,0.425,0.303,0.272
4.922179026430551,0.426,0.303,0.271
4.925030819382534,0.427,0.302,0.271
4.926034102812571,0.428,0.302,0.27
4.926981469284174,0.427,0.302,0.271
4.928581553312805,0.428,0.302,0.27
4.9326110039842,0.429,0.302,0.269
4.9363706602470545,0.43,0.302,0.268
4.94131014869197,0.431,0.302,0.267
4.942257540975925,0.43,0.302,0.268
4.945502169732495,0.431,0.301,0.268
4.948394471485012,0.432,0.3,0.268
4.949393606826985,0.431,0.301,0.268
4.956714851831048,0.43,0.301,0.269
4.957921368639907,0.431,0.301,0.268
4.960173155932166,0.432,0.3,0.268
4.960282681082626,0.433,0.3,0.267
4.963220324884073,0.434,0.3,0.266
4.9653877596032,0.433,0.301,0.266
4.96710396961803,0.432,0.302,0.266
4.971599769237696,0.433,0.302,0.265
4.97178213402697,0.432,0.303,0.265
4.9731579889820114,0.433,0.302,0.265
4.976063901359755,0.434,0.302,0.264
4.979945093344748,0.433,0.302,0.265
4.98192167854872,0.434,0.302,0.264
4.987896716549618,0.433,0.303,0.264
4.992618669825547,0.434,0.303,0.263
5.000386902352569,0.435,0.303,0.262
5.004319142168055,0.436,0.302,0.262
5.007152132983151,0.435,0.302,0.263
5.012017886905842,0.436,0.302,0.262
5.01887312312261,0.437,0.302,0.261
5.03148615932638,0.438,0.302,0.26
5.032783759405907,0.437,0.303,0.26
5.033274441940255,0.438,0.303,0.259
5.034308843632943,0.439,0.303,0.258
5.0345928842713645,0.44,0.303,0.257
5.035614037061952,0.441,0.303,0.256
5.035671522957506,0.442,0.303,0.255
5.038430689971406,0.441,0.303,0.256
5.041823641157504,0.44,0.304,0.256
5.04254944869201,0.439,0.305,0.256
5.044764374793938,0.44,0.305,0.255
5.045528351843237,0.439,0.306,0.255
5.046450630749599,0.44,0.306,0.254
5.05007402852599,0.441,0.306,0.253
5.0535119590676265,0.442,0.306,0.252
5.054179601764377,0.443,0.306,0.251
5.054717752948924,0.444,0.306,0.25
5.061971289676741,0.445,0.306,0.249
5.0622077658616575,0.446,0.305,0.249
5.0675574864431026,0.447,0.305,0.248
5.068263930452015,0.446,0.306,0.248
5.070388843035536,0.445,0.306,0.249
5.08075876889568,0.444,0.307,0.249
5.082375011446849,0.445,0.306,0.249
5.0827046349716065,0.446,0.306,0.248
5.083516982623125,0.447,0.306,0.247
5.0858187662895205,0.448,0.306,0.246
5.086361191477617,0.449,0.306,0.245
5.089532618782361,0.45,0.306,0.244
5.0973774269326,0.451,0.306,0.243
5.098561581091356,0.452,0.306,0.242
5.0997949128014035,0.451,0.306,0.243
5.100411570967079,0.45,0.307,0.243
5.102124905677453,0.451,0.307,0.242
5.10383727626489,0.452,0.307,0.241
5.10602025940505,0.453,0.307,0.24
5.110540567710454,0.452,0.307,0.241
5.110706089597276,0.453,0.307,0.24
5.112323662091732,0.454,0.307,0.239
5.114375539372054,0.455,0.307,0.238
5.118965736208247,0.456,0.307,0.237
5.119683958798047,0.455,0.307,0.238
5.12661820675943,0.454,0.307,0.239
5.126783780972238,0.453,0.308,0.239
5.126886449702314,0.454,0.307,0.239
5.12777851016626,0.453,0.308,0.239
5.127843906843351,0.452,0.309,0.239
5.131164474025529,0.453,0.309,0.238
5.132367118248297,0.452,0.309,0.239
5.148607412389453,0.451,0.309,0.24
5.151183008609019,0.452,0.309,0.239
5.161350009623235,0.453,0.308,0.239
5.163969224321145,0.452,0.308,0.24
5.164253319694105,0.453,0.308,0.239
5.1675736476070595,0.454,0.308,0.238
5.173739387306851,0.455,0.308,0.237
5.175325287255809,0.456,0.308,0.236
5.17588287923089,0.457,0.308,0.235
5.176135567337504,0.458,0.308,0.234
5.179029024789543,0.457,0.309,0.234
5.18286161815361,0.456,0.31,0.234
5.18579028006601,0.455,0.31,0.235
5.185959287336447,0.456,0.31,0.234
5.18826930876197,0.457,0.31,0.233
5.191622318676799,0.456,0.31,0.234
5.192013069676345,0.457,0.309,0.234
5.192552175921572,0.458,0.309,0.233
5.194335438860499,0.457,0.309,0.234
5.197561106920752,0.456,0.309,0.235
5.1989328441018055,0.457,0.308,0.235
5.19953319502281,0.456,0.309,0.235
5.2028094455739575,0.457,0.309,0.234
5.206001224247411,0.456,0.309,0.235
5.208271011544119,0.457,0.309,0.234
5.213195301477988,0.458,0.309,0.233
5.213456555083028,0.459,0.309,0.232
5.215111232267015,0.458,0.31,0.232
5.21917876325422,0.457,0.31,0.233
5.221372307501855,0.456,0.31,0.234
5.221725985698569,0.455,0.311,0.234
5.228750189935403,0.456,0.311,0.233
5.232243010914481,0.455,0.311,0.234
5.235204031761409,0.456,0.311,0.233
5.240097292373922,0.455,0.312,0.233
5.2403552299191585,0.456,0.312,0.232
5.242011277567846,0.457,0.311,0.232
5.244321917097849,0.458,0.311,0.231
5.250628944170712,0.459,0.311,0.23
5.2529876859114655,0.458,0.312,0.23
5.25326856457155,0.457,0.313,0.23
5.256627931181304,0.458,0.313,0.229
5.2572213026667916,0.457,0.313,0.23
5.260678056924054,0.456,0.314,0.23
5.263238527153395,0.457,0.314,0.229
5.2657304431614165,0.458,0.314,0.228
5.26666778749138,0.457,0.315,0.228
5.273126431627707,0.456,0.315,0.229
5.2751569130938645,0.455,0.315,0.23
5.275172218545396,0.456,0.315,0.229
5.275308870049334,0.455,0.316,0.229
5.277817475710987,0.454,0.316,0.23
5.278050077357623,0.455,0.316,0.229
5.27834999436598,0.456,0.315,0.229
5.279475261102394,0.457,0.315,0.228
5.281927599545222,0.458,0.315,0.227
5.28413751112935,0.459,0.315,0.226
5.284630904689742,0.46,0.315,0.225
5.290020854392686,0.461,0.315,0.224
5.300568786984539,0.462,0.315,0.223
5.304834700893979,0.463,0.315,0.222
5.308238996658693,0.462,0.315,0.223
5.308832840665845,0.463,0.315,0.222
5.312021882134168,0.464,0.315,0.221
5.313822826344577,0.465,0.315,0.22
5.314228809042799,0.466,0.315,0.219
5.319336104805443,0.467,0.315,0.218
5.3211157915839555,0.468,0.315,0.217
5.32552909896779,0.469,0.315,0.216
5.327251538038408,0.468,0.316,0.216
5.336987868874486,0.469,0.316,0.215
5.3401913769268194,0.47,0.316,0.214
5.340789304599782,0.469,0.317,0.214
5.345418198586969,0.47,0.317,0.213
5.346011224882057,0.469,0.318,0.213
5.347916956691025,0.47,0.318,0.212
