time,f0,f1,f2
0.0,1.0,0.0,0.0
0.024176657436178268,0.999,0.0,0.001
0.025916400467702726,0.998,0.001,0.001
0.041441322706389415,0.997,0.001,0.002
0.046210200887046665,0.996,0.001,0.003
0.04778509816835061,0.995,0.001,0.004
0.05411447562824838,0.994,0.001,0.005
0.08587614721939515,0.993,0.001,0.006
0.08663286626739046,0.992,0.002,0.006
0.08753335702189229,0.991,0.002,0.007
0.09150907002712476,0.99,0.002,0.008
0.09584895850248913,0.989,0.002,0.009
0.10534776338189163,0.988,0.003,0.009
0.1199176769812163,0.987,0.004,0.009
0.1444637824270337,0.986,0.005,0.009
0.1588933342827015,0.985,0.005,0.01
0.16995964153389642,0.984,0.005,0.011
0.18061246093448202,0.983,0.006,0.011
0.19131521819666242,0.982,0.006,0.012
0.19836570862605768,0.981,0.007,0.012
0.20630804070918335,0.98,0.008,0.012
0.21030332001823307,0.979,0.009,0.012
0.21489136166831696,0.978,0.009,0.013
0.22057587974910242,0.977,0.009,0.014
0.22299770871602673,0.976,0.01,0.014
0.22886562130840013,0.975,0.011,0.014
0.23297806550966035,0.974,0.011,0.015
0.23595010599570865,0.973,0.012,0.015
0.2438728595792512,0.972,0.012,0.016
0.24404984460038032,0.971,0.013,0.016
0.24979942089803223,0.97,0.013,0.017
0.26648543278274134,0.969,0.014,0.017
0.2679771695716862,0.968,0.014,0.018
0.27173280022419133,0.967,0.014,0.019
0.2786176801290343,0.966,0.015,0.019
0.2808304443463143,0.965,0.016,0.019
0.28566430379667856,0.964,0.016,0.02
0.29001102054841676,0.963,0.017,0.02
0.2908946203677787,0.962,0.017,0.021
0.2993044955266249,0.961,0.018,0.021
0.3007541400738117,0.96,0.019,0.021
0.30747916523970903,0.959,0.02,0.021
0.30938907794007237,0.96,0.019,0.021
0.3290311393679276,0.959,0.02,0.021
0.3417890185699803,0.958,0.021,0.021
0.34710222514346256,0.957,0.021,0.022
0.3515533722961182,0.956,0.022,0.022
0.36382664704927875,0.955,0.022,0.023
0.37067572367161616,0.954,0.022,0.024
0.3720624826416182,0.953,0.023,0.024
0.37903852992111753,0.952,0.024,0.024
0.38188316996390964,0.951,0.024,0.025
0.38554863062990485,0.95,0.024,0.026
0.38607862718439373,0.949,0.024,0.027
0.40534786307714793,0.948,0.024,0.028
0.41953467232215563,0.947,0.024,0.029
0.4235884269175668,0.946,0.025,0.029
0.4334926928858247,0.945,0.025,0.03
0.4370433808078529,0.944,0.025,0.031
0.4441760786688118,0.943,0.025,0.032
0.4520504590224369,0.942,0.025,0.033
0.4608641398613804,0.941,0.025,0.034
0.4704607795043714,0.94,0.025,0.035
0.47501325133700434,0.939,0.025,0.036
0.47530661220855547,0.938,0.026,0.036
0.4760623392715502,0.937,0.027,0.036
0.47797316023632125,0.936,0.027,0.037
0.4829244099708525,0.935,0.028,0.037
0.4942806639546311,0.934,0.028,0.038
0.49742066202401997,0.933,0.029,0.038
0.499016926292016,0.932,0.03,0.038
0.5085654885895483,0.931,0.031,0.038
0.5090574160444266,0.93,0.031,0.039
0.5248782472651593,0.929,0.032,0.039
0.5254751117460933,0.928,0.032,0.04
0.5299297823935178,0.927,0.032,0.041
0.5336845659429593,0.926,0.033,0.041
0.536345353966102,0.925,0.033,0.042
0.5463690847012794,0.924,0.033,0.043
0.5685336289811205,0.923,0.033,0.044
0.5822765770561555,0.922,0.033,0.045
0.5888317455602521,0.921,0.034,0.045
0.5962775160409354,0.92,0.034,0.046
0.596423407546643,0.919,0.035,0.046
0.600330821369082,0.918,0.036,0.046
0.6017553612736033,0.917,0.037,0.046
0.6051654420778462,0.916,0.037,0.047
0.6055668817310039,0.915,0.038,0.047
0.6078367436443998,0.914,0.039,0.047
0.6217103968491506,0.913,0.039,0.048
0.6248173954730739,0.912,0.039,0.049
0.6338501306357679,0.911,0.039,0.05
0.6340771511836304,0.912,0.038,0.05
0.6403436270360008,0.911,0.038,0.051
0.6597243699466968,0.91,0.038,0.052
0.6707861140124758,0.909,0.039,0.052
0.6714133206915402,0.908,0.039,0.053
0.6887038401632243,0.907,0.039,0.054
0.6888439244633097,0.906,0.04,0.054
0.6928237323192997,0.905,0.041,0.054
0.6967835153478017,0.904,0.042,0.054
0.7028327905223225,0.903,0.042,0.055
0.7080050974989304,0.902,0.043,0.055
0.7142092056524375,0.901,0.044,0.055
0.7210961800654542,0.9,0.044,0.056
0.7246379620322886,0.899,0.045,0.056
0.7254276590334765,0.898,0.045,0.057
0.7334465508179785,0.897,0.045,0.058
0.7412110580059488,0.896,0.045,0.059
0.74338961559164,0.895,0.045,0.06
0.7685089443148213,0.894,0.046,0.06
0.7801986683217762,0.893,0.047,0.06
0.7921541634334464,0.892,0.048,0.06
0.8068918206214386,0.891,0.049,0.06
0.8143412433258097,0.89,0.049,0.061
0.8183369264792293,0.889,0.049,0.062
0.8216375087176366,0.888,0.049,0.063
0.8254445188785703,0.887,0.05,0.063
0.8616231526095576,0.886,0.051,0.063
0.8641375794000061,0.885,0.051,0.064
0.8645238945076877,0.884,0.051,0.065
0.8672404182443557,0.883,0.052,0.065
0.8687525885363109,0.882,0.053,0.065
0.8704407163285789,0.883,0.053,0.064
0.8707115807584496,0.884,0.053,0.063
0.8770212916011995,0.883,0.054,0.063
0.8795738786005363,0.882,0.055,0.063
0.8892779748597562,0.881,0.056,0.063
0.8894283387020181,0.88,0.056,0.064
0.8924749326049379,0.881,0.056,0.063
0.8933934607384356,0.88,0.056,0.064
0.8984558331899991,0.879,0.057,0.064
0.9022908326959663,0.878,0.057,0.065
0.913083911323409,0.877,0.057,0.066
0.9171723140962216,0.876,0.058,0.066
0.9177334541360287,0.875,0.059,0.066
0.9207958838498752,0.874,0.059,0.067
0.9233467800706406,0.873,0.059,0.068
0.9263467300062537,0.872,0.059,0.069
0.937258365583282,0.871,0.059,0.07
0.9424583424879653,0.87,0.059,0.071
0.9541129131866541,0.869,0.06,0.071
0.971384539215003,0.868,0.061,0.071
0.9763035437142841,0.867,0.061,0.072
0.9768171881318797,0.866,0.062,0.072
0.9796153104698876,0.865,0.062,0.073
0.9893655543601405,0.864,0.063,0.073
0.9915872137670366,0.863,0.064,0.073
0.9922660024755423,0.862,0.064,0.074
1.0018218000391002,0.861,0.065,0.074
1.0021852716620896,0.86,0.066,0.074
1.0045089359766588,0.861,0.066,0.073
1.0047810505566301,0.86,0.066,0.074
1.0102762060460746,0.859,0.066,0.075
1.0284421443612073,0.858,0.066,0.076
1.029447398423717,0.857,0.067,0.076
1.038201700145874,0.856,0.067,0.077
1.0389760781025663,0.855,0.068,0.077
1.0421336906922711,0.854,0.068,0.078
1.0429182837628377,0.853,0.068,0.079
1.0475361697561247,0.852,0.069,0.079
1.0516909397563017,0.851,0.07,0.079
1.0523364530240062,0.85,0.07,0.08
1.05249285307258,0.849,0.071,0.08
1.0594660345682791,0.848,0.072,0.08
1.0627811022765783,0.847,0.072,0.081
1.078969323003648,0.848,0.071,0.081
1.0803710851654456,0.847,0.072,0.081
1.0817013570478493,0.846,0.072,0.082
1.081737020183771,0.845,0.073,0.082
1.0852429221795423,0.844,0.074,0.082
1.0958872669364788,0.843,0.074,0.083
1.0989653077150072,0.844,0.074,0.082
1.099812168152157,0.843,0.075,0.082
1.1028767923123788,0.842,0.076,0.082
1.1096260394934647,0.841,0.076,0.083
1.1102635633947395,0.84,0.076,0.084
1.1231151645536832,0.839,0.076,0.085
1.130130920363755,0.838,0.077,0.085
1.1353021877228027,0.837,0.077,0.086
1.137127669106536,0.836,0.078,0.086
1.1443158267013038,0.835,0.078,0.087
1.1479494848358118,0.834,0.078,0.088
1.1514877768557448,0.833,0.079,0.088
1.1527632624986124,0.832,0.08,0.088
1.1549307077983146,0.833,0.079,0.088
1.156392257693793,0.832,0.08,0.088
1.1576639798381496,0.833,0.08,0.087
1.16338732708509,0.832,0.081,0.087
1.1692241545890851,0.831,0.082,0.087
1.1777241498240598,0.83,0.082,0.088
1.1791390973052307,0.829,0.083,0.088
1.1851194033676695,0.828,0.083,0.089
1.1914959565659513,0.827,0.084,0.089
1.1961186721609203,0.826,0.084,0.09
1.1980944192285703,0.825,0.084,0.091
1.2021481031044148,0.826,0.083,0.091
1.2037885863735163,0.825,0.083,0.092
1.2090813157267952,0.826,0.083,0.091
1.2239791020801796,0.825,0.083,0.092
1.2343280323737127,0.824,0.084,0.092
1.238506471268398,0.825,0.084,0.091
1.2405618742052982,0.824,0.085,0.091
1.2476124220617795,0.825,0.084,0.091
1.247730725000285,0.824,0.084,0.092
1.2565380571529061,0.823,0.085,0.092
1.2598098486724918,0.822,0.086,0.092
1.2621798759682383,0.821,0.086,0.093
1.2759993902793636,0.82,0.087,0.093
1.2805044411604922,0.821,0.087,0.092
1.2826011600113625,0.82,0.088,0.092
1.2842417265519992,0.819,0.088,0.093
1.2964424265135115,0.818,0.088,0.094
1.2989552898338368,0.817,0.088,0.095
1.2994353145868143,0.818,0.087,0.095
1.3007183664751063,0.817,0.088,0.095
1.3083273079377296,0.816,0.088,0.096
1.317330361012117,0.815,0.088,0.097
1.3193872893831997,0.814,0.089,0.097
1.3209433473692946,0.813,0.089,0.098
1.3391385377417997,0.812,0.089,0.099
1.3396899573959347,0.811,0.09,0.099
1.339963243173293,0.81,0.09,0.1
1.3428336666138316,0.809,0.09,0.101
1.346632834647457,0.808,0.091,0.101
1.356345860930251,0.807,0.092,0.101
1.3678854756742618,0.806,0.093,0.101
1.37222248370155,0.805,0.093,0.102
1.3762390174549775,0.804,0.093,0.103
1.3780333668887514,0.803,0.093,0.104
1.3823939103646044,0.802,0.094,0.104
1.3835008740546726,0.801,0.095,0.104
1.3886262730087573,0.8,0.095,0.105
1.4071661304818273,0.799,0.095,0.106
1.4188154098096852,0.798,0.096,0.106
1.425224897668354,0.797,0.097,0.106
1.429709083860075,0.796,0.098,0.106
1.4343174207573284,0.795,0.099,0.106
1.450849770254369,0.794,0.1,0.106
1.457880571242699,0.793,0.1,0.107
1.4660085207631979,0.792,0.1,0.108
1.4681636634533388,0.791,0.1,0.109
1.4768194188286072,0.79,0.1,0.11
1.4768841716155923,0.789,0.1,0.111
1.4778531545192424,0.788,0.101,0.111
1.48523255358321,0.789,0.1,0.111
1.487566980555582,0.788,0.1,0.112
1.4899836286955261,0.787,0.1,0.113
1.4957064091416068,0.788,0.1,0.112
1.4969178483363152,0.787,0.101,0.112
1.4987527917631203,0.786,0.102,0.112
1.5038263612495248,0.787,0.102,0.111
1.5101793930089293,0.786,0.103,0.111
1.5126679222784694,0.785,0.103,0.112
1.5197873719132158,0.784,0.103,0.113
1.5319108115549187,0.783,0.104,0.113
1.5373377328601534,0.782,0.104,0.114
1.539131854892644,0.781,0.105,0.114
1.5481919139155356,0.78,0.105,0.115
1.5501889114315783,0.779,0.106,0.115
1.5542061275647163,0.78,0.105,0.115
1.5555640351183486,0.779,0.105,0.116
1.556885800435942,0.778,0.105,0.117
1.573150491827884,0.777,0.106,0.117
1.5764188553788003,0.776,0.106,0.118
1.578286381615586,0.775,0.107,0.118
1.5786860346794434,0.776,0.107,0.117
1.5866348997919677,0.775,0.108,0.117
1.5933902301817244,0.774,0.109,0.117
1.5940660735969214,0.773,0.109,0.118
1.5955055123219362,0.772,0.109,0.119
1.6018603846794826,0.771,0.109,0.12
1.6239878172414561,0.77,0.109,0.121
1.6307023250841786,0.769,0.109,0.122
1.6330772510256493,0.768,0.11,0.122
1.6346881660452337,0.767,0.11,0.123
1.6478829478352623,0.766,0.111,0.123
1.6550971227763656,0.765,0.111,0.124
1.6572655167315151,0.764,0.111,0.125
1.6578639651466285,0.763,0.112,0.125
1.6790180417472245,0.762,0.113,0.125
1.705171130671538,0.761,0.114,0.125
1.7065106075205931,0.76,0.115,0.125
1.7090027934684926,0.759,0.116,0.125
1.7217486375898254,0.758,0.117,0.125
1.7218202626852017,0.759,0.116,0.125
1.7364666052292543,0.758,0.116,0.126
1.7425210147201178,0.757,0.116,0.127
1.7488577705115262,0.756,0.117,0.127
1.7516123724834407,0.755,0.117,0.128
1.7580392861970895,0.754,0.117,0.129
1.7848601094872372,0.755,0.117,0.128
1.7863876287320146,0.754,0.118,0.128
1.7972146765980483,0.753,0.118,0.129
1.8048706625025048,0.754,0.117,0.129
1.8049454195959385,0.753,0.118,0.129
1.805674406540222,0.754,0.117,0.129
1.8079256051667056,0.753,0.117,0.13
1.8087462599178736,0.752,0.117,0.131
1.812507025716857,0.753,0.117,0.13
1.8230217091636873,0.752,0.117,0.131
1.824375844688584,0.753,0.116,0.131
1.8281000270450372,0.752,0.116,0.132
1.8360846602497198,0.751,0.117,0.132
1.8432635693447215,0.75,0.118,0.132
1.8433878717753711,0.749,0.118,0.133
1.8435726495169609,0.748,0.118,0.134
1.8439672539842475,0.747,0.118,0.135
1.847979297988784,0.746,0.118,0.136
1.8488315215862519,0.745,0.118,0.137
1.853057055533675,0.744,0.119,0.137
1.8567427484762684,0.743,0.12,0.137
1.858411001178951,0.742,0.121,0.137
1.8642394016318817,0.743,0.121,0.136
1.867980694500106,0.742,0.121,0.137
1.8687171804196523,0.741,0.121,0.138
1.8707969768638206,0.74,0.122,0.138
1.8745573401514128,0.739,0.122,0.139
1.8827002000372748,0.738,0.123,0.139
1.8857513696005008,0.737,0.123,0.14
1.8882165828767816,0.736,0.123,0.141
1.8897948706285976,0.737,0.122,0.141
1.8916591293934226,0.736,0.123,0.141
1.897718237308621,0.735,0.124,0.141
1.909160586155635,0.734,0.124,0.142
1.9099156971364328,0.733,0.125,0.142
1.9124233740219667,0.732,0.126,0.142
1.916270176801903,0.731,0.127,0.142
1.9216238777385313,0.73,0.128,0.142
1.9282259432399051,0.729,0.129,0.142
1.933410306040996,0.728,0.129,0.143
1.9417528566932387,0.727,0.129,0.144
1.9555737395777766,0.726,0.129,0.145
1.9682664528021583,0.725,0.129,0.146
1.9749384911061394,0.726,0.129,0.145
1.9891147462977008,0.725,0.13,0.145
1.9913837037583078,0.726,0.129,0.145
2.000803467043748,0.725,0.129,0.146
2.0111508973911385,0.726,0.129,0.145
2.023605081958212,0.727,0.129,0.144
2.0399690440005522,0.726,0.129,0.145
2.043305646184619,0.725,0.13,0.145
2.053469465789795,0.724,0.13,0.146
2.05615665757605,0.723,0.131,0.146
2.057851237400622,0.722,0.132,0.146
2.0594693028144255,0.721,0.133,0.146
2.0616309761088973,0.72,0.134,0.146
2.0623953408717446,0.719,0.135,0.146
2.069379440760925,0.718,0.136,0.146
2.075970279735091,0.719,0.135,0.146
2.0857863346135583,0.718,0.135,0.147
2.095371643269784,0.717,0.135,0.148
2.096670192250041,0.716,0.136,0.148
2.0982452332783885,0.715,0.137,0.148
2.106766728144665,0.714,0.137,0.149
2.117846124596453,0.713,0.138,0.149
2.1235195195268224,0.712,0.139,0.149
2.127737201848014,0.711,0.14,0.149
2.128132758612136,0.71,0.14,0.15
2.132859570006714,0.709,0.141,0.15
2.143522448345423,0.708,0.141,0.151
2.1451178326467635,0.707,0.141,0.152
2.1518559455489603,0.706,0.142,0.152
2.1523874982039946,0.705,0.143,0.152
2.1626380412811197,0.704,0.144,0.152
2.1742217413402685,0.703,0.144,0.153
2.174695053581238,0.702,0.145,0.153
2.1763036216609537,0.701,0.146,0.153
2.181775728355802,0.7,0.147,0.153
2.182505158452398,0.699,0.147,0.154
2.1902001230010604,0.698,0.147,0.155
2.1935725869949803,0.697,0.147,0.156
2.199946645157249,0.696,0.147,0.157
2.2004895546640344,0.695,0.148,0.157
2.203583584634485,0.694,0.148,0.158
2.2067244334119756,0.693,0.148,0.159
2.209917260277683,0.692,0.148,0.16
2.210979946842052,0.693,0.147,0.16
2.2149357595236467,0.694,0.147,0.159
2.2199741989832584,0.693,0.147,0.16
2.2241758734343,0.692,0.147,0.161
2.2485314289083913,0.693,0.147,0.16
2.2523061100066863,0.692,0.148,0.16
2.252638683799895,0.693,0.148,0.159
2.2550723528269545,0.692,0.148,0.16
2.2558389548386146,0.693,0.148,0.159
2.2689631005746795,0.692,0.149,0.159
2.2881946009917935,0.691,0.149,0.16
2.290319374438685,0.692,0.148,0.16
2.2925811998841508,0.693,0.147,0.16
2.3120698296448934,0.692,0.147,0.161
2.314802176310706,0.691,0.147,0.162
2.315737868401601,0.692,0.146,0.162
2.3385611444622487,0.691,0.146,0.163
2.339045832132246,0.69,0.147,0.163
2.342753988098493,0.691,0.146,0.163
2.3430020428882705,0.69,0.147,0.163
2.35321241962611,0.691,0.147,0.162
2.357216596287447,0.69,0.148,0.162
2.361283863597926,0.689,0.148,0.163
2.3729060139954115,0.688,0.148,0.164
2.375250151430022,0.687,0.149,0.164
2.3797079890392108,0.686,0.15,0.164
2.380759155226369,0.685,0.15,0.165
2.3826890672944927,0.684,0.15,0.166
2.391798144708829,0.683,0.15,0.167
2.392263088817122,0.684,0.15,0.166
2.3980158677775507,0.683,0.15,0.167
2.402445296494567,0.682,0.15,0.168
2.416190348876625,0.681,0.151,0.168
2.4240991809546544,0.68,0.152,0.168
2.4263488698751434,0.679,0.153,0.168
2.4333277067816756,0.678,0.154,0.168
2.4379345114857656,0.679,0.154,0.167
2.451050978405532,0.678,0.155,0.167
2.4515003474107346,0.677,0.155,0.168
2.4569313379612527,0.676,0.155,0.169
2.4709161686648895,0.677,0.155,0.168
2.4744917545257485,0.676,0.156,0.168
2.474535465582584,0.675,0.156,0.169
2.4759470831684314,0.676,0.156,0.168
2.4877392546201373,0.677,0.156,0.167
2.4878338485037457,0.676,0.156,0.168
2.5047335322764113,0.675,0.157,0.168
2.5051023280915654,0.674,0.158,0.168
2.5080899587511287,0.673,0.159,0.168
2.5089308290794126,0.672,0.159,0.169
2.5181979766396005,0.671,0.159,0.17
2.5219289988759046,0.67,0.16,0.17
2.53256263884131,0.669,0.161,0.17
2.5336548166142423,0.67,0.16,0.17
2.5478928804794014,0.671,0.16,0.169
2.5503395542487985,0.672,0.159,0.169
2.558259076503178,0.671,0.16,0.169
2.5676953891817034,0.67,0.16,0.17
2.5710488920357104,0.669,0.161,0.17
2.573667997998721,0.668,0.162,0.17
2.5798309282640908,0.667,0.163,0.17
2.585992580036955,0.668,0.162,0.17
2.5928470674401125,0.667,0.163,0.17
2.6078110575894407,0.668,0.163,0.169
2.6088730253253756,0.667,0.163,0.17
2.609792129711514,0.666,0.163,0.171
2.610373259000069,0.667,0.163,0.17
2.6214848420129058,0.666,0.164,0.17
2.625954249281049,0.665,0.165,0.17
2.630186816447736,0.664,0.165,0.171
2.636599624540996,0.663,0.165,0.172
2.6378152425702575,0.662,0.166,0.172
2.647539511052985,0.663,0.166,0.171
2.649954944196944,0.664,0.166,0.17
2.652200968008375,0.663,0.167,0.17
2.6527927802561986,0.664,0.167,0.169
2.6570956034179396,0.663,0.167,0.17
2.6742161650494127,0.662,0.167,0.171
2.679599191486732,0.661,0.167,0.172
2.68423511037954,0.66,0.167,0.173
2.688052001459499,0.659,0.167,0.174
2.6967307157332865,0.66,0.167,0.173
2.7030084769922467,0.659,0.168,0.173
2.7086825553976626,0.658,0.169,0.173
2.711182845333239,0.657,0.17,0.173
2.713250703353132,0.658,0.169,0.173
2.7295271512680137,0.657,0.17,0.173
2.732003882294932,0.658,0.17,0.172
2.7321910479879277,0.657,0.171,0.172
2.732991619594667,0.656,0.171,0.173
2.737869278117231,0.655,0.171,0.174
2.746760508061502,0.656,0.17,0.174
2.7751294848533115,0.655,0.171,0.174
2.780259285594606,0.654,0.172,0.174
2.7878259881549003,0.655,0.171,0.174
2.792893515948394,0.654,0.171,0.175
2.8005091493873704,0.653,0.171,0.176
2.8005318803025587,0.652,0.172,0.176
2.806471252402023,0.651,0.172,0.177
2.810878590900318,0.65,0.173,0.177
2.818743820993319,0.649,0.173,0.178
2.8215574354555892,0.65,0.172,0.178
2.8235286695624864,0.649,0.172,0.179
2.8315094096484263,0.648,0.173,0.179
2.8419572608905717,0.647,0.173,0.18
2.860638047282529,0.646,0.173,0.181
2.8920152341530914,0.645,0.174,0.181
2.89472542624905,0.646,0.174,0.18
2.8952257101780066,0.645,0.174,0.181
2.895527459630583,0.644,0.174,0.182
2.8982187759633726,0.645,0.173,0.182
2.899660225514043,0.644,0.173,0.183
2.9035097964262078,0.643,0.174,0.183
2.9147905102130283,0.642,0.175,0.183
2.917010116120642,0.643,0.174,0.183
2.91710153270411,0.642,0.174,0.184
2.9316243595340694,0.641,0.175,0.184
2.93871795725178,0.64,0.176,0.184
2.9424425994443895,0.639,0.177,0.184
2.945535777908685,0.638,0.177,0.185
2.9486609141424616,0.637,0.177,0.186
2.949719583973524,0.636,0.178,0.186
2.951651618560902,0.635,0.179,0.186
2.9567050410529983,0.636,0.179,0.185
2.964111680378615,0.635,0.18,0.185
2.9758854669301225,0.634,0.181,0.185
2.9816182405017946,0.633,0.182,0.185
2.9857225977289326,0.634,0.181,0.185
2.9868452803190646,0.633,0.182,0.185
2.9871629535621036,0.632,0.183,0.185
2.999031010542004,0.633,0.182,0.185
3.0061339108214167,0.632,0.183,0.185
3.0086121803621153,0.631,0.184,0.185
3.0087320698305837,0.632,0.184,0.184
3.01032493902895,0.633,0.184,0.183
3.017300415691601,0.632,0.184,0.184
3.0200057513814005,0.633,0.184,0.183
3.026101801269502,0.634,0.184,0.182
3.026913389165561,0.633,0.185,0.182
3.0288138418942365,0.632,0.185,0.183
3.0288272863401997,0.631,0.185,0.184
3.0452546196416668,0.632,0.185,0.183
3.0488216378312663,0.631,0.186,0.183
3.0574427112412006,0.63,0.186,0.184
3.0574619717803277,0.629,0.186,0.185
3.0647142170680945,0.628,0.187,0.185
3.0796026472164613,0.627,0.188,0.185
3.0977124989723155,0.626,0.188,0.186
3.097730787482319,0.625,0.189,0.186
3.098065654183256,0.624,0.189,0.187
3.10611540528313,0.623,0.19,0.187
3.1079932442364466,0.622,0.191,0.187
3.1175047242001983,0.621,0.191,0.188
3.120826824328237,0.622,0.191,0.187
3.124424294957461,0.623,0.19,0.187
3.1273393036496655,0.622,0.191,0.187
3.1285802405970546,0.621,0.192,0.187
3.131355476092185,0.62,0.192,0.188
3.1357005704129066,0.619,0.192,0.189
3.1373636262524416,0.618,0.192,0.19
3.147140707974779,0.617,0.192,0.191
3.1476546721270937,0.618,0.192,0.19
3.1507282890078616,0.617,0.193,0.19
3.153585930062987,0.618,0.192,0.19
3.153616843799568,0.617,0.192,0.191
3.156956107949095,0.616,0.193,0.191
3.1606327957720386,0.615,0.193,0.192
3.160949302657302,0.614,0.194,0.192
3.1717946800469514,0.615,0.193,0.192
3.1719539151732876,0.614,0.193,0.193
3.172314327722371,0.613,0.194,0.193
3.1773979536318935,0.612,0.194,0.194
3.1821440837275388,0.611,0.194,0.195
3.185547906849147,0.61,0.194,0.196
3.185943206887775,0.611,0.193,0.196
3.1914003440099825,0.61,0.193,0.197
3.2034848356756385,0.609,0.193,0.198
3.2105298594938754,0.608,0.193,0.199
3.2112916295909923,0.607,0.193,0.2
3.212306184880745,0.606,0.193,0.201
3.214377006171051,0.605,0.193,0.202
3.219594077021322,0.604,0.194,0.202
3.2206627544287043,0.603,0.195,0.202
3.2246007113063175,0.602,0.196,0.202
3.2259697722920553,0.601,0.197,0.202
3.226995206926331,0.6,0.197,0.203
3.2283892146393476,0.601,0.196,0.203
3.2386900558981435,0.602,0.195,0.203
3.243410032816671,0.601,0.195,0.204
3.2482823159533316,0.6,0.195,0.205
3.2510659215709654,0.601,0.194,0.205
3.2551791796921905,0.6,0.194,0.206
3.2580957723509885,0.601,0.193,0.206
3.2581710629940686,0.6,0.193,0.207
3.2624168902585917,0.599,0.193,0.208
3.2638423233201084,0.598,0.194,0.208
3.2767679673240235,0.597,0.195,0.208
3.27737924708276,0.598,0.195,0.207
3.277990801956387,0.597,0.196,0.207
3.279126582520701,0.596,0.197,0.207
3.2819602762274203,0.595,0.198,0.207
3.287182386847125,0.596,0.198,0.206
3.2873888663667774,0.595,0.198,0.207
3.29605579187567,0.596,0.197,0.207
3.311786276522639,0.595,0.197,0.208
3.320717540814267,0.594,0.198,0.208
3.3293355284953305,0.593,0.198,0.209
3.3391530987175537,0.592,0.198,0.21
3.354492439918247,0.591,0.198,0.211
3.3556859389574947,0.59,0.199,0.211
3.3649195403956096,0.589,0.2,0.211
3.3730015752981743,0.588,0.201,0.211
3.3835896089385944,0.587,0.202,0.211
3.383663213292791,0.588,0.202,0.21
3.396154758431074,0.587,0.203,0.21
3.401959143257818,0.586,0.204,0.21
3.411443680544671,0.587,0.204,0.209
3.4169780457095427,0.586,0.205,0.209
3.421287850192608,0.587,0.204,0.209
3.4232040752129334,0.588,0.204,0.208
3.423742751457094,0.587,0.204,0.209
3.42541342562343,0.586,0.205,0.209
3.427010411272981,0.585,0.206,0.209
3.432568995715228,0.584,0.206,0.21
3.4333139985777694,0.583,0.207,0.21
3.4391841520072184,0.582,0.208,0.21
3.4425302023287743,0.581,0.209,0.21
3.445998721839892,0.58,0.21,0.21
3.4471249224881673,0.581,0.209,0.21
3.4563245118893247,0.58,0.21,0.21
3.457561202258637,0.581,0.21,0.209
3.4587151193187133,0.58,0.211,0.209
3.460425901376448,0.579,0.212,0.209
3.461283133532924,0.578,0.213,0.209
3.465729686787749,0.577,0.214,0.209
3.468440245006548,0.576,0.214,0.21
3.4766853420155055,0.577,0.214,0.209
3.482231320561696,0.576,0.215,0.209
3.4864717357868247,0.575,0.216,0.209
3.486847038881582,0.574,0.217,0.209
3.496477776196561,0.573,0.218,0.209
3.501926903123483,0.572,0.218,0.21
3.503048140112641,0.571,0.219,0.21
3.5032146175988808,0.57,0.22,0.21
3.505055042896712,0.569,0.22,0.211
3.505957239551919,0.57,0.22,0.21
3.508135699359788,0.569,0.22,0.211
3.510043032451332,0.57,0.219,0.211
3.5113191139736393,0.569,0.22,0.211
3.514976290753701,0.568,0.221,0.211
3.5184389824870013,0.567,0.222,0.211
3.522138870032032,0.566,0.223,0.211
3.5226632561566227,0.565,0.223,0.212
3.527492651617234,0.564,0.223,0.213
3.5332891540125146,0.563,0.223,0.214
3.5346655646744143,0.562,0.224,0.214
3.5439123418930993,0.561,0.224,0.215
3.5498440383151144,0.56,0.225,0.215
3.558322545956479,0.559,0.225,0.216
3.560695470830041,0.558,0.225,0.217
3.5618523318280015,0.557,0.225,0.218
3.5629706487050457,0.558,0.225,0.217
3.573011328833516,0.559,0.224,0.217
3.5738810246523514,0.558,0.225,0.217
3.5740497465486647,0.559,0.225,0.216
3.575115359371314,0.558,0.226,0.216
3.5768937673930035,0.557,0.226,0.217
3.580396325447149,0.556,0.227,0.217
3.583166424340589,0.555,0.228,0.217
3.5849806116120844,0.554,0.228,0.218
3.587507129935235,0.553,0.228,0.219
3.5901689398247694,0.554,0.228,0.218
3.6011613565704783,0.555,0.227,0.218
3.604060782049849,0.554,0.227,0.219
3.613004720232892,0.553,0.228,0.219
3.6140431153737276,0.552,0.228,0.22
3.6278553864275036,0.553,0.227,0.22
3.6300885472797177,0.552,0.227,0.221
3.646450482804353,0.551,0.227,0.222
3.648429031063295,0.55,0.227,0.223
3.6569409459511855,0.549,0.227,0.224
3.660494182290307,0.55,0.226,0.224
3.6638834449622255,0.549,0.227,0.224
3.6665802969394345,0.55,0.226,0.224
3.6713108934272793,0.549,0.227,0.224
3.68582626472068,0.548,0.227,0.225
3.6915561205779293,0.549,0.226,0.225
3.698792228367753,0.548,0.226,0.226
3.7135182549600225,0.547,0.227,0.226
3.714857745728863,0.546,0.228,0.226
3.7169404485706625,0.547,0.227,0.226
3.7188491410322735,0.546,0.227,0.227
3.719749130170026,0.545,0.227,0.228
3.7245156440575466,0.544,0.227,0.229
3.725543689056342,0.543,0.227,0.23
3.7284198985316954,0.542,0.227,0.231
3.7284261058862493,0.541,0.228,0.231
3.7287693852538792,0.54,0.229,0.231
3.733246493776522,0.539,0.229,0.232
3.74652085964507,0.538,0.229,0.233
3.7465976623220323,0.537,0.229,0.234
3.75882264926412,0.536,0.229,0.235
3.7626352821504443,0.535,0.229,0.236
3.764376760162075,0.534,0.23,0.236
3.765471260909805,0.533,0.231,0.236
3.7674169254603513,0.534,0.23,0.236
3.7697415362432305,0.533,0.231,0.236
3.7734804010349325,0.534,0.23,0.236
3.777461297099553,0.533,0.23,0.237
3.7799964870959832,0.534,0.23,0.236
3.782822362969726,0.533,0.231,0.236
3.784528377791012,0.534,0.231,0.235
3.7865097825119354,0.533,0.232,0.235
3.788449560994742,0.534,0.231,0.235
3.7888869094490953,0.535,0.23,0.235
3.7948243083225717,0.536,0.229,0.235
3.813247448008579,0.535,0.229,0.236
3.8170712070604425,0.534,0.229,0.237
3.8185471121574475,0.533,0.229,0.238
3.827100340802585,0.532,0.229,0.239
3.829694187918403,0.531,0.23,0.239
3.836314326462537,0.53,0.231,0.239
3.8372655952719406,0.529,0.232,0.239
3.8490356051981505,0.528,0.232,0.24
3.8576539333494138,0.527,0.232,0.241
3.8607983379554978,0.526,0.232,0.242
3.8618765590864923,0.525,0.232,0.243
3.8756812251210664,0.524,0.233,0.243
3.881804293591158,0.523,0.233,0.244
3.8845840122212874,0.524,0.232,0.244
3.885718772057105,0.523,0.232,0.245
3.891815766114423,0.524,0.232,0.244
3.8939835698495866,0.525,0.231,0.244
3.8957812229107067,0.524,0.231,0.245
3.897725029572067,0.525,0.231,0.244
3.900465652507438,0.526,0.231,0.243
3.902888380711187,0.525,0.231,0.244
3.905365278703999,0.526,0.23,0.244
3.9110036775211916,0.527,0.23,0.243
3.9168529053627643,0.526,0.231,0.243
3.918736351170111,0.527,0.23,0.243
3.9321066313802295,0.528,0.229,0.243
3.932398843581543,0.527,0.23,0.243
3.9390446779503674,0.526,0.231,0.243
3.9452787148921185,0.525,0.231,0.244
3.94936381523483,0.524,0.231,0.245
3.9506389724697604,0.523,0.232,0.245
3.9570182377795993,0.522,0.233,0.245
3.9652884412502427,0.523,0.233,0.244
3.9755467960316997,0.522,0.233,0.245
3.975869694913459,0.521,0.234,0.245
3.9873175775771026,0.52,0.235,0.245
3.998581937123132,0.519,0.235,0.246
4.002323721003973,0.518,0.236,0.246
4.01135616871533,0.519,0.236,0.245
4.011498378808474,0.518,0.236,0.246
4.012150142686447,0.519,0.236,0.245
4.026200821567831,0.518,0.236,0.246
4.02762007833234,0.517,0.237,0.246
4.035395897408458,0.516,0.238,0.246
4.039963931533994,0.515,0.239,0.246
4.054092717694495,0.516,0.238,0.246
4.06130369926705,0.517,0.237,0.246
4.062978027302336,0.516,0.237,0.247
4.063516556794168,0.515,0.238,0.247
4.0776832549843025,0.514,0.239,0.247
4.083618849516444,0.515,0.239,0.246
4.08393665949898,0.516,0.238,0.246
4.089656176790956,0.515,0.239,0.246
4.103364912903065,0.516,0.238,0.246
4.114220751076753,0.515,0.239,0.246
4.1163836287777595,0.516,0.239,0.245
4.117347810448749,0.515,0.24,0.245
4.12444879222192,0.514,0.241,0.245
4.127127391578872,0.515,0.241,0.244
4.1296929547359715,0.514,0.242,0.244
4.1327577855064765,0.513,0.243,0.244
4.134498543722473,0.512,0.243,0.245
4.140423288657299,0.513,0.243,0.244
4.1421045335289435,0.514,0.242,0.244
4.14594546277797,0.515,0.242,0.243
4.149000391037181,0.514,0.243,0.243
4.157709357889507,0.513,0.243,0.244
4.158698425877095,0.512,0.244,0.244
4.16173028072823,0.511,0.244,0.245
4.162653321964283,0.51,0.244,0.246
4.165651887280671,0.509,0.244,0.247
4.171132964010186,0.508,0.244,0.248
4.1753847852533585,0.507,0.245,0.248
4.178286132632925,0.506,0.246,0.248
4.179520621614427,0.507,0.246,0.247
4.183702458946534,0.506,0.246,0.248
4.186188454397024,0.507,0.246,0.247
4.189628761729387,0.506,0.246,0.248
4.1994284622948035,0.507,0.245,0.248
4.200328765686666,0.506,0.245,0.249
4.207097817235841,0.505,0.245,0.25
4.207617189692087,0.504,0.246,0.25
4.209909552460105,0.503,0.247,0.25
4.212192719456423,0.502,0.248,0.25
4.214220101282163,0.501,0.249,0.25
4.2249571385109075,0.5,0.25,0.25
4.229828049482502,0.499,0.251,0.25
4.236029647266128,0.498,0.251,0.251
4.2377255872124735,0.497,0.251,0.252
4.239162078617638,0.496,0.252,0.252
4.243592781594509,0.497,0.252,0.251
4.244843396015728,0.498,0.252,0.25
4.24550189477886,0.497,0.253,0.25
4.246630118383939,0.496,0.253,0.251
4.248477404675376,0.495,0.254,0.251
4.251854693156614,0.496,0.253,0.251
4.2561247010657,0.495,0.253,0.252
4.265068085026382,0.496,0.252,0.252
4.269420278832678,0.495,0.253,0.252
4.273694973622811,0.494,0.253,0.253
4.277080854905211,0.493,0.253,0.254
4.2849841480693005,0.492,0.254,0.254
4.287026049910092,0.491,0.254,0.255
4.289600771906741,0.49,0.254,0.256
4.309187801836513,0.489,0.255,0.256
4.313365905349032,0.488,0.255,0.257
4.314290426081961,0.487,0.256,0.257
4.319657810978797,0.486,0.256,0.258
4.328063226966452,0.485,0.257,0.258
4.340988699418672,0.484,0.258,0.258
4.3599547501964375,0.483,0.259,0.258
4.36000228510408,0.482,0.26,0.258
4.361667155654722,0.481,0.261,0.258
4.365895687324211,0.482,0.26,0.258
4.378181226199038,0.481,0.261,0.258
4.3852952771602025,0.482,0.261,0.257
4.387361884817385,0.483,0.26,0.257
4.391370432658405,0.482,0.261,0.257
4.39711659240274,0.481,0.261,0.258
4.3980845944664155,0.482,0.26,0.258
4.398300530257196,0.481,0.261,0.258
4.400399552794594,0.48,0.261,0.259
4.405741858762783,0.481,0.261,0.258
4.412647173133426,0.48,0.261,0.259
4.412955908870716,0.479,0.261,0.26
4.4139636903405925,0.48,0.261,0.259
4.414153818224264,0.481,0.261,0.258
4.415290172260722,0.482,0.26,0.258
4.417499221165032,0.483,0.26,0.257
4.420230289195209,0.482,0.26,0.258
4.426310793949432,0.481,0.261,0.258
4.429503502531726,0.48,0.262,0.258
4.439639170180301,0.479,0.262,0.259
4.447140420072183,0.478,0.263,0.259
4.456044149462337,0.477,0.264,0.259
4.456831895745609,0.476,0.265,0.259
4.46345771515944,0.475,0.265,0.26
4.466445406829186,0.476,0.264,0.26
4.466963999580468,0.475,0.265,0.26
4.473091720257736,0.474,0.266,0.26
4.483957271199074,0.473,0.266,0.261
4.484289249356534,0.472,0.267,0.261
4.485685901650651,0.471,0.267,0.262
4.4938989956601425,0.472,0.267,0.261
4.494368297146975,0.471,0.267,0.262
4.494500531630723,0.47,0.268,0.262
4.515586851130847,0.469,0.268,0.263
4.519889824067153,0.468,0.268,0.264
4.5221176865363715,0.467,0.268,0.265
4.5251718236304965,0.466,0.269,0.265
4.5312743938396665,0.465,0.27,0.265
4.533760991786407,0.464,0.27,0.266
4.551328464257314,0.463,0.27,0.267
4.555055963091107,0.462,0.27,0.268
4.55537993670622,0.463,0.269,0.268
4.558966085574414,0.464,0.268,0.268
4.560423239774393,0.463,0.268,0.269
4.5605439679744935,0.464,0.267,0.269
4.563419292649651,0.463,0.268,0.269
4.563638814810303,0.462,0.268,0.27
4.567580078461065,0.461,0.269,0.27
4.570740397534532,0.462,0.268,0.27
4.577768856595779,0.461,0.268,0.271
4.580000397476079,0.462,0.267,0.271
4.581480687086672,0.461,0.268,0.271
4.582056599513045,0.46,0.268,0.272
4.5826654250280034,0.461,0.268,0.271
4.588032639000849,0.462,0.267,0.271
4.588194859105326,0.461,0.268,0.271
4.592647276448252,0.462,0.268,0.27
4.5973383073759155,0.461,0.269,0.27
4.605693892266478,0.46,0.269,0.271
4.606171810391634,0.461,0.269,0.27
4.60965024069466,0.46,0.27,0.27
4.615040903787441,0.459,0.271,0.27
4.61929626447044,0.458,0.272,0.27
4.637979155653339,0.459,0.272,0.269
4.640373808745543,0.458,0.273,0.269
4.644392636411805,0.459,0.272,0.269
4.654133354432663,0.458,0.273,0.269
4.655183656277881,0.457,0.273,0.27
4.660336637337437,0.458,0.272,0.27
4.663122815545028,0.457,0.273,0.27
4.66537755950021,0.458,0.272,0.27
4.667988987096715,0.457,0.273,0.27
4.678787053540725,0.458,0.272,0.27
4.686996510057441,0.457,0.273,0.27
4.690450846655809,0.456,0.273,0.271
4.692145039478052,0.455,0.273,0.272
4.7025890674001225,0.454,0.273,0.273
4.70924979278484,0.453,0.274,0.273
4.715828314847359,0.454,0.274,0.272
4.722238001409367,0.453,0.275,0.272
4.733232889124377,0.454,0.274,0.272
4.735255547527448,0.453,0.275,0.272
4.738778134342444,0.452,0.276,0.272
4.740045694789449,0.451,0.276,0.273
4.745005681030996,0.45,0.277,0.273
4.75765525588237,0.449,0.277,0.274
4.757916520463994,0.448,0.278,0.274
4.759911454356342,0.449,0.277,0.274
4.765662914444148,0.448,0.278,0.274
4.766031330379205,0.447,0.278,0.275
4.772122906391936,0.446,0.279,0.275
4.776858925115591,0.447,0.279,0.274
4.7795643902236575,0.446,0.279,0.275
4.786195955091042,0.445,0.28,0.275
4.787033245119548,0.444,0.281,0.275
4.789919389503664,0.443,0.281,0.276
4.795098725914823,0.442,0.281,0.277
4.799677030468099,0.441,0.282,0.277
4.80802171701008,0.442,0.281,0.277
4.814952210242615,0.441,0.282,0.277
4.818396462858094,0.44,0.282,0.278
4.824035113490771,0.439,0.282,0.279
4.830622440946093,0.44,0.281,0.279
4.853665300594576,0.439,0.282,0.279
4.854590224038882,0.438,0.283,0.279
4.858940869696702,0.439,0.282,0.279
4.861652136762425,0.44,0.282,0.278
4.8682754710337495,0.439,0.282,0.279
4.87089426261985,0.44,0.282,0.278
4.871144787281242,0.439,0.282,0.279
4.871286021247038,0.438,0.282,0.28
4.874250849231543,0.437,0.283,0.28
4.880188262730659,0.436,0.283,0.281
4.881407396747192,0.435,0.284,0.281
4.88576847741283,0.436,0.284,0.28
4.8943710669943465,0.437,0.283,0.28
4.89798408774395,0.436,0.284,0.28
4.903290775539624,0.435,0.284,0.281
4.906998460076306,0.436,0.283,0.281
4.913378947136831,0.435,0.284,0.281
4.915556603407483,0.434,0.285,0.281
4.917946016956141,0.433,0.285,0.282
4.944481008328278,0.432,0.285,0.283
4.950385065612012,0.431,0.285,0.284
5.007651339651824,0.43,0.286,0.284
5.008161125558832,0.431,0.286,0.283
5.008499482510705,0.43,0.287,0.283
5.009944378233563,0.431,0.286,0.283
5.0129698236661575,0.432,0.285,0.283
5.014696866537266,0.431,0.286,0.283
5.015848751090733,0.43,0.286,0.284
5.016331321963554,0.431,0.286,0.283
5.042979854036797,0.43,0.287,0.283
5.046178426394617,0.431,0.287,0.282
5.046923884827759,0.43,0.287,0.283
5.072997218929608,0.429,0.288,0.283
5.091842313495928,0.428,0.289,0.283
5.092819452388543,0.427,0.29,0.283
5.09379875832752,0.428,0.289,0.283
5.097073281716709,0.427,0.289,0.284
5.099946420807545,0.426,0.289,0.285
5.10124566922932,0.425,0.289,0.286
5.102151156777872,0.424,0.289,0.287
5.10350226485636,0.423,0.29,0.287
5.108532918468293,0.422,0.291,0.287
5.1094098383340585,0.421,0.292,0.287
5.124813827271185,0.42,0.293,0.287
5.127020706055226,0.419,0.294,0.287
5.13024907870892,0.418,0.295,0.287
5.139428963310478,0.417,0.295,0.288
5.142443507419357,0.416,0.296,0.288
5.143549298007192,0.417,0.295,0.288
5.145818154380197,0.416,0.295,0.289
5.165274257121847,0.415,0.295,0.29
5.169893617567975,0.416,0.294,0.29
5.170602588378467,0.415,0.294,0.291
5.180959816874114,0.414,0.295,0.291
5.182435406422743,0.415,0.295,0.29
5.183271209858634,0.416,0.294,0.29
5.190000335373038,0.415,0.295,0.29
5.190503003432223,0.414,0.295,0.291
5.19268492226594,0.413,0.295,0.292
5.192878089367183,0.414,0.295,0.291
5.195881364867551,0.413,0.296,0.291
5.201830731626123,0.414,0.296,0.29
5.203973824496293,0.413,0.297,0.29
5.204658290636898,0.412,0.298,0.29
5.20535921256924,0.413,0.298,0.289
5.207430773556413,0.412,0.299,0.289
5.211259853574742,0.413,0.299,0.288
5.211683600125566,0.414,0.298,0.288
5.217136802975972,0.415,0.298,0.287
5.22318038027925,0.416,0.298,0.286
5.226139613701819,0.415,0.298,0.287
5.227039130592616,0.414,0.299,0.287
5.229900966096776,0.413,0.3,0.287
5.2301655887746605,0.412,0.3,0.288
5.235272743374602,0.413,0.3,0.287
5.235410813514244,0.412,0.3,0.288
5.237365866629095,0.411,0.3,0.289
5.2412030199288955,0.41,0.3,0.29
5.247540640690937,0.409,0.301,0.29
5.248915177790632,0.41,0.301,0.289
5.250674867627176,0.411,0.301,0.288
5.250778672203309,0.412,0.301,0.287
5.2515375695864925,0.413,0.301,0.286
5.255660043344012,0.414,0.301,0.285
5.257753794180175,0.413,0.302,0.285
5.258209546038528,0.414,0.302,0.284
5.259151766832403,0.415,0.301,0.284
5.259667140899522,0.416,0.301,0.283
5.26087339829905,0.417,0.301,0.282
5.272337407240824,0.416,0.302,0.282
5.282194028247721,0.417,0.301,0.282
5.282899231597138,0.418,0.301,0.281
5.287675127064644,0.419,0.301,0.28
5.290886063149248,0.418,0.302,0.28
5.291986780439958,0.417,0.303,0.28
5.294748549766415,0.418,0.303,0.279
5.294909815131286,0.419,0.303,0.278
5.301630701666841,0.42,0.303,0.277
5.306931197583226,0.419,0.303,0.278
5.312273476338087,0.418,0.304,0.278
5.315055612188795,0.419,0.304,0.277
5.31760937562189,0.42,0.304,0.276
5.3185162190932935,0.419,0.304,0.277
5.320475805823903,0.42,0.304,0.276
5.3256228296362895,0.421,0.304,0.275
5.327223598512373,0.42,0.305,0.275
5.329319852158672,0.421,0.304,0.275
5.3319838479402435,0.422,0.304,0.274
5.332287707176859,0.421,0.305,0.274
5.332530959838186,0.422,0.305,0.273
5.334318922761602,0.423,0.305,0.272
5.334381753029192,0.424,0.305,0.271
5.335140482638755,0.425,0.305,0.27
5.337195715271864,0.426,0.304,0.27
5.337981122846106,0.427,0.304,0.269
5.338047645333185,0.428,0.304,0.268
5.339005593257889,0.429,0.304,0.267
5.342641702592565,0.43,0.304,0.266
5.343803223985335,0.431,0.304,0.265
5.348110896709265,0.432,0.304,0.264
5.3491835930997595,0.431,0.305,0.264
5.351067984481776,0.43,0.306,0.264
5.3535941178423245,0.431,0.306,0.263
5.354126265302074,0.432,0.306,0.262
5.355826195664668,0.431,0.306,0.263
5.356362129130286,0.43,0.307,0.263
5.356451475350503,0.431,0.306,0.263
5.3578554782064565,0.43,0.306,0.264
5.358965462415011,0.429,0.306,0.265
5.360240965962866,0.43,0.306,0.264
5.361220176778378,0.431,0.305,0.264
5.365665221619172,0.432,0.305,0.263
5.367824553067419,0.433,0.305,0.262
5.371901565525948,0.434,0.305,0.261
5.374090375044065,0.435,0.305,0.26
5.375743805477781,0.436,0.305,0.259
5.380907594614895,0.437,0.305,0.258
5.381062612243071,0.438,0.304,0.258
5.384123668575304,0.437,0.305,0.258
5.3844185214473725,0.436,0.306,0.258
5.384608686804844,0.437,0.306,0.257
5.38497200415613,0.436,0.306,0.258
5.3891821433399265,0.437,0.306,0.257
5.390552162164924,0.436,0.306,0.258
5.3926062753006825,0.437,0.306,0.257
5.392692496992387,0.438,0.306,0.256
5.39635834983061,0.439,0.306,0.255
5.396950854094949,0.44,0.306,0.254
5.39752709664264,0.441,0.306,0.253
5.402141305717634,0.442,0.306,0.252
5.402172279320867,0.443,0.306,0.251
5.4041110558946235,0.444,0.306,0.25
5.4041182612438785,0.443,0.306,0.251
5.405461267525777,0.444,0.306,0.25
5.411492526680519,0.443,0.306,0.251
5.412234049726865,0.444,0.306,0.25
5.414510199291832,0.445,0.306,0.249
5.416191372754004,0.446,0.306,0.248
5.417967671002168,0.447,0.306,0.247
5.426879965637776,0.448,0.306,0.246
5.429994650238485,0.449,0.306,0.245
5.431106419115642,0.45,0.306,0.244
5.431178933484173,0.451,0.306,0.243
5.436198220147509,0.452,0.306,0.242
5.438057118076186,0.453,0.306,0.241
5.440549484011273,0.454,0.306,0.24
5.443231576218197,0.455,0.306,0.239
5.45023219205246,0.456,0.305,0.239
5.453650527191629,0.457,0.305,0.238
5.454804135290119,0.458,0.305,0.237
5.455230549341689,0.459,0.305,0.236
5.455696647695599,0.458,0.306,0.236
5.458501472069282,0.459,0.306,0.235
5.459063458795183,0.46,0.305,0.235
5.461354528017399,0.459,0.305,0.236
5.4622868390572865,0.458,0.305,0.237
5.4646401800581454,0.459,0.305,0.236
5.4659131795301334,0.46,0.304,0.236
5.467514835692532,0.461,0.304,0.235
5.469076653450449,0.462,0.304,0.234
5.470416746009832,0.463,0.303,0.234
5.472658345103422,0.464,0.303,0.233
5.472801878299639,0.465,0.303,0.232
5.472985485081562,0.466,0.303,0.231
5.473726615555147,0.467,0.303,0.23
5.473925730556429,0.466,0.304,0.23
5.474604021847734,0.467,0.304,0.229
5.475340146502429,0.468,0.304,0.228
5.476515959451156,0.467,0.304,0.229
5.47811065846302,0.466,0.305,0.229
5.478816755380118,0.465,0.306,0.229
5.48019577716356,0.466,0.306,0.228
5.480851484936304,0.467,0.306,0.227
5.481173892072658,0.466,0.306,0.228
5.481524053141091,0.467,0.306,0.227
5.481980524848176,0.466,0.307,0.227
5.485008975061457,0.467,0.306,0.227
