0.136 0.311 0.553
0.173 0.318 0.509
0.141 0.388 0.471
0.131 0.43 0.439
0.15 0.291 0.559
0.168 0.317 0.515
0.169 0.319 0.512
0.161 0.322 0.517
0.168 0.342 0.49
0.153 0.272 0.575
0.138 0.317 0.545
0.151 0.265 0.584
0.149 0.315 0.536
0.149 0.358 0.493
0.151 0.296 0.553
0.159 0.334 0.507
0.148 0.362 0.49
0.145 0.308 0.547
0.165 0.347 0.488
0.17 0.297 0.533
0.143 0.351 0.506
0.138 0.351 0.511
0.141 0.376 0.483
0.146 0.272 0.582
0.152 0.339 0.509
0.154 0.359 0.487
0.161 0.264 0.575
0.144 0.362 0.494
0.177 0.347 0.476
0.159 0.28 0.561
0.156 0.318 0.526
0.166 0.338 0.496
0.135 0.296 0.569
0.156 0.328 0.516
0.167 0.343 0.49
0.172 0.378 0.45
0.147 0.266 0.587
0.141 0.365 0.494
0.154 0.301 0.545
0.161 0.313 0.526
0.15 0.27 0.58
0.18 0.294 0.526
0.145 0.322 0.533
0.158 0.311 0.531
0.161 0.362 0.477
0.147 0.331 0.522
0.146 0.412 0.442
0.15 0.311 0.539
0.144 0.338 0.518
0.143 0.321 0.536
0.141 0.412 0.447
0.161 0.3 0.539
0.146 0.303 0.551
0.153 0.308 0.539
0.15 0.314 0.536
0.142 0.326 0.532
0.16 0.321 0.519
0.176 0.284 0.54
0.157 0.236 0.607
0.166 0.317 0.517
0.159 0.331 0.51
0.142 0.343 0.515
0.167 0.336 0.497
0.147 0.307 0.546
0.153 0.344 0.503
0.15 0.265 0.585
0.168 0.274 0.558
0.134 0.334 0.532
0.153 0.293 0.554
0.13 0.38 0.49
0.162 0.367 0.471
0.137 0.358 0.505
0.137 0.259 0.604
0.136 0.407 0.457
0.148 0.328 0.524
0.143 0.247 0.61
0.156 0.301 0.543
0.155 0.341 0.504
0.136 0.312 0.552
0.134 0.279 0.587
0.162 0.321 0.517
0.155 0.3 0.545
0.15 0.277 0.573
0.136 0.314 0.55
0.165 0.336 0.499
0.154 0.342 0.504
0.172 0.3 0.528
0.15 0.311 0.539
0.148 0.329 0.523
0.146 0.266 0.588
0.146 0.325 0.529
0.135 0.287 0.578
0.142 0.33 0.528
0.148 0.378 0.474
0.167 0.36 0.473
0.143 0.313 0.544
0.143 0.356 0.501
0.145 0.304 0.551
0.141 0.28 0.579
0.161 0.36 0.479
