0.135 0.346 0.519
0.138 0.383 0.479
0.143 0.302 0.555
0.159 0.242 0.599
0.156 0.364 0.48
0.15 0.309 0.541
0.156 0.389 0.455
0.152 0.29 0.558
0.16 0.273 0.567
0.138 0.325 0.537
0.169 0.272 0.559
0.141 0.351 0.508
0.157 0.324 0.519
0.171 0.352 0.477
0.162 0.264 0.574
0.178 0.276 0.546
0.156 0.367 0.477
0.14 0.266 0.594
0.138 0.333 0.529
0.153 0.356 0.491
0.158 0.39 0.452
0.128 0.284 0.588
0.145 0.344 0.511
0.145 0.313 0.542
0.169 0.258 0.573
0.162 0.275 0.563
0.173 0.318 0.509
0.129 0.334 0.537
0.143 0.31 0.547
0.155 0.308 0.537
0.133 0.31 0.557
0.152 0.371 0.477
0.141 0.412 0.447
0.122 0.339 0.539
0.154 0.297 0.549
0.167 0.3 0.533
0.158 0.328 0.514
0.139 0.331 0.53
0.154 0.32 0.526
0.128 0.359 0.513
0.147 0.34 0.513
0.162 0.326 0.512
0.142 0.375 0.483
0.171 0.319 0.51
0.148 0.277 0.575
0.166 0.323 0.511
0.143 0.311 0.546
0.151 0.283 0.566
0.152 0.304 0.544
0.162 0.359 0.479
