0.288 0.352 0.36
0.316 0.296 0.388
0.38 0.292 0.328
0.264 0.34 0.396
0.332 0.352 0.316
0.276 0.352 0.372
0.28 0.316 0.404
0.344 0.284 0.372
0.316 0.336 0.348
0.288 0.352 0.36
0.348 0.292 0.36
0.316 0.348 0.336
0.304 0.356 0.34
0.3 0.292 0.408
0.264 0.364 0.372
0.284 0.32 0.396
0.312 0.344 0.344
0.276 0.304 0.42
0.3 0.32 0.38
0.296 0.332 0.372
0.296 0.352 0.352
0.264 0.34 0.396
0.28 0.32 0.4
0.32 0.28 0.4
0.36 0.336 0.304
0.272 0.388 0.34
0.332 0.308 0.36
0.284 0.296 0.42
0.288 0.348 0.364
0.324 0.272 0.404
0.3 0.34 0.36
0.256 0.356 0.388
0.264 0.288 0.448
0.292 0.324 0.384
0.3 0.304 0.396
0.312 0.28 0.408
0.296 0.3 0.404
0.24 0.352 0.408
0.316 0.272 0.412
0.256 0.332 0.412
0.3 0.292 0.408
0.296 0.284 0.42
0.308 0.284 0.408
0.28 0.28 0.44
0.308 0.324 0.368
0.32 0.328 0.352
0.292 0.296 0.412
0.268 0.344 0.388
0.296 0.436 0.268
0.284 0.316 0.4
