0.184 0.26 0.556
0.136 0.284 0.58
0.132 0.468 0.4
0.176 0.312 0.512
0.168 0.236 0.596
0.136 0.272 0.592
0.132 0.276 0.592
0.116 0.328 0.556
0.16 0.328 0.512
0.148 0.296 0.556
0.132 0.228 0.64
0.184 0.304 0.512
0.14 0.24 0.62
0.112 0.324 0.564
0.16 0.352 0.488
0.156 0.184 0.66
0.172 0.236 0.592
0.2 0.276 0.524
0.152 0.248 0.6
0.14 0.396 0.464
0.156 0.264 0.58
0.176 0.332 0.492
0.168 0.256 0.576
0.168 0.236 0.596
0.112 0.348 0.54
0.18 0.248 0.572
0.14 0.332 0.528
0.12 0.312 0.568
0.136 0.312 0.552
0.116 0.312 0.572
0.172 0.248 0.58
0.128 0.396 0.476
0.208 0.348 0.444
0.128 0.352 0.52
0.14 0.348 0.512
0.124 0.316 0.56
0.136 0.412 0.452
0.156 0.34 0.504
0.132 0.472 0.396
0.156 0.26 0.584
0.144 0.288 0.568
0.136 0.308 0.556
0.156 0.308 0.536
0.184 0.272 0.544
0.136 0.468 0.396
0.14 0.332 0.528
0.164 0.28 0.556
0.168 0.36 0.472
0.132 0.32 0.548
0.116 0.272 0.612
0.16 0.368 0.472
0.136 0.372 0.492
0.148 0.292 0.56
0.136 0.312 0.552
0.18 0.204 0.616
0.144 0.424 0.432
0.12 0.396 0.484
0.192 0.328 0.48
0.188 0.276 0.536
0.12 0.396 0.484
0.104 0.348 0.548
0.176 0.308 0.516
0.124 0.372 0.504
0.108 0.392 0.5
0.168 0.276 0.556
0.132 0.32 0.548
0.144 0.428 0.428
0.164 0.36 0.476
0.156 0.348 0.496
0.132 0.256 0.612
0.14 0.3 0.56
0.144 0.376 0.48
0.172 0.264 0.564
0.184 0.48 0.336
0.144 0.324 0.532
0.096 0.344 0.56
0.176 0.376 0.448
0.16 0.38 0.46
0.116 0.224 0.66
0.192 0.324 0.484
0.164 0.364 0.472
0.124 0.264 0.612
0.168 0.276 0.556
0.164 0.336 0.5
0.128 0.256 0.616
0.152 0.392 0.456
0.156 0.26 0.584
0.148 0.476 0.376
0.152 0.364 0.484
0.14 0.428 0.432
0.132 0.364 0.504
0.136 0.372 0.492
0.152 0.588 0.26
0.164 0.26 0.576
0.156 0.4 0.444
0.144 0.248 0.608
0.152 0.328 0.52
0.176 0.296 0.528
0.14 0.252 0.608
0.18 0.264 0.556
0.18 0.236 0.584
0.152 0.364 0.484
0.148 0.344 0.508
0.148 0.348 0.504
0.152 0.396 0.452
0.116 0.296 0.588
0.148 0.516 0.336
0.148 0.356 0.496
0.156 0.304 0.54
0.144 0.364 0.492
0.16 0.4 0.44
0.132 0.196 0.672
0.184 0.288 0.528
0.152 0.224 0.624
0.18 0.252 0.568
0.16 0.348 0.492
0.104 0.236 0.66
0.176 0.292 0.532
0.128 0.224 0.648
0.144 0.248 0.608
0.116 0.312 0.572
0.168 0.316 0.516
0.164 0.324 0.512
0.128 0.436 0.436
0.136 0.264 0.6
0.136 0.356 0.508
0.184 0.252 0.564
0.148 0.336 0.516
0.156 0.228 0.616
0.14 0.392 0.468
0.112 0.436 0.452
0.14 0.392 0.468
0.164 0.184 0.652
0.172 0.24 0.588
0.14 0.324 0.536
0.172 0.464 0.364
0.14 0.24 0.62
0.152 0.38 0.468
0.148 0.28 0.572
0.116 0.296 0.588
0.156 0.36 0.484
0.14 0.428 0.432
0.18 0.372 0.448
0.152 0.36 0.488
0.16 0.404 0.436
0.172 0.468 0.36
0.144 0.352 0.504
0.164 0.384 0.452
0.136 0.284 0.58
0.152 0.384 0.464
0.132 0.492 0.376
0.164 0.368 0.468
0.16 0.26 0.58
0.172 0.428 0.4
0.14 0.264 0.596
0.164 0.428 0.408
0.124 0.32 0.556
0.144 0.344 0.512
0.16 0.288 0.552
0.184 0.516 0.3
0.18 0.428 0.392
0.152 0.252 0.596
0.16 0.384 0.456
0.148 0.352 0.5
0.168 0.352 0.48
0.16 0.276 0.564
0.148 0.412 0.44
0.132 0.356 0.512
0.156 0.188 0.656
0.152 0.336 0.512
0.172 0.32 0.508
0.18 0.24 0.58
0.192 0.264 0.544
0.152 0.24 0.608
0.136 0.244 0.62
0.156 0.34 0.504
0.16 0.284 0.556
0.18 0.292 0.528
0.188 0.364 0.448
0.116 0.46 0.424
0.192 0.316 0.492
0.148 0.396 0.456
0.172 0.3 0.528
0.18 0.364 0.456
0.176 0.376 0.448
0.184 0.284 0.532
0.136 0.376 0.488
0.128 0.336 0.536
0.128 0.324 0.548
0.168 0.3 0.532
0.168 0.308 0.524
0.212 0.432 0.356
0.184 0.404 0.412
0.1 0.34 0.56
0.144 0.236 0.62
0.14 0.34 0.52
0.14 0.308 0.552
0.24 0.264 0.496
0.116 0.376 0.508
0.196 0.304 0.5
